1000
998
997
996
996
991
990
990
990
990
985
985
984
984
983
982
979
979
978
977
975
972
971
970
967
963
959
954
949
949
947
945
942
937
935
934
933
932
932
930
928
924
919
917
916
913
911
908
907
907
907
905
905
904
903
902
902
902
900
897
897
896
895
895
892
892
890
888
888
884
881
881
874
873
871
869
867
860
857
857
856
853
849
843
843
836
834
833
833
831
830
830
830
829
829
829
828
827
824
824
813
812
811
811
808
805
797
789
787
785
783
781
781
780
778
778
778
775
775
775
775
774
769
767
765
762
754
753
750
748
747
746
746
744
742
741
739
735
732
729
727
727
726
723
723
721
720
720
709
707
704
703
702
699
699
699
699
695
694
689
685
681
680
680
678
675
675
669
669
667
667
661
659
658
658
658
658
657
655
652
647
645
641
639
637
635
630
628
625
618
616
615
612
611
610
610
605
601
600
600
599
596
594
593
593
592
590
590
588
587
583
581
580
576
574
571
571
570
567
566
565
564
563
561
558
557
556
555
554
553
550
549
548
546
546
545
545
544
544
541
539
535
534
533
532
530
530
529
528
526
524
521
519
518
515
515
513
512
512
510
504
504
503
502
502
501
499
496
494
489
489
488
487
487
487
484
483
482
481
480
479
477
471
470
468
466
465
464
461
459
459
458
456
446
446
445
444
443
442
440
439
435
435
433
428
428
426
425
424
423
422
422
420
417
416
414
410
406
405
404
403
400
398
395
395
392
390
387
383
378
378
375
371
371
370
363
362
362
361
360
356
355
354
354
348
346
346
340
339
336
336
335
331
330
328
326
324
323
321
320
320
320
318
317
316
316
311
308
305
302
302
301
299
299
299
297
293
289
289
287
287
283
280
280
279
278
275
274
274
270
268
265
262
258
258
257
253
252
251
248
245
245
244
242
241
239
233
231
229
227
227
226
224
224
223
221
221
221
221
216
216
214
213
213
212
211
211
208
207
200
200
195
192
185
184
183
182
181
180
178
174
173
171
168
168
167
165
164
163
162
162
156
154
150
149
148
146
145
141
135
133
131
130
129
127
119
117
116
116
111
110
110
110
108
108
107
107
101
98
95
95
95
94
87
85
85
82
79
77
74
74
73
73
66
66
63
61
59
55
51
48
41
40
36
36
34
32
32
30
15
15
13
9
6
5
5
5
-2
-3
-3
-3
-4
-8
-8
-9
-10
-10
-10
-14
-15
-16
-20
-21
-21
-22
-24
-28
-30
-32
-32
-33
-41
-43
-48
-49
-50
-57
-59
-62
-62
-63
-64
-65
-67
-68
-72
-73
-75
-78
-81
-82
-83
-85
-88
-97
-102
-102
-108
-109
-110
-110
-111
-112
-113
-114
-124
-125
-126
-128
-129
-129
-132
-132
-133
-134
-136
-137
-137
-138
-138
-139
-139
-139
-142
-143
-144
-145
-148
-149
-152
-155
-160
-162
-162
-162
-165
-173
-174
-174
-174
-176
-176
-178
-180
-182
-182
-184
-186
-187
-187
-192
-194
-199
-210
-210
-212
-215
-218
-220
-221
-221
-230
-231
-233
-235
-238
-241
-242
-242
-242
-243
-247
-251
-252
-255
-256
-259
-260
-262
-263
-263
-263
-268
-269
-270
-271
-274
-274
-277
-279
-281
-281
-281
-284
-287
-287
-289
-291
-291
-291
-292
-292
-300
-302
-302
-303
-303
-303
-306
-307
-313
-313
-315
-320
-322
-322
-323
-324
-325
-326
-328
-331
-333
-338
-340
-341
-342
-351
-351
-352
-353
-359
-363
-366
-370
-371
-376
-376
-378
-381
-381
-385
-385
-388
-390
-390
-390
-391
-392
-395
-402
-404
-404
-407
-409
-412
-412
-413
-414
-414
-415
-417
-421
-421
-424
-426
-431
-432
-432
-435
-439
-445
-446
-446
-446
-447
-448
-449
-452
-452
-456
-456
-460
-461
-463
-466
-470
-472
-473
-476
-478
-478
-479
-481
-483
-483
-486
-489
-489
-491
-493
-494
-494
-498
-500
-501
-502
-504
-507
-523
-524
-525
-525
-527
-535
-536
-538
-541
-542
-543
-543
-548
-548
-549
-549
-552
-553
-553
-553
-554
-554
-558
-560
-563
-568
-572
-574
-578
-579
-582
-583
-584
-585
-590
-599
-602
-613
-619
-622
-623
-623
-624
-624
-624
-628
-629
-629
-629
-630
-635
-636
-639
-642
-648
-648
-648
-650
-654
-654
-660
-661
-661
-662
-662
-662
-664
-665
-667
-670
-670
-674
-676
-677
-679
-681
-682
-684
-686
-688
-690
-692
-692
-696
-699
-701
-701
-704
-705
-705
-707
-707
-708
-708
-712
-713
-714
-715
-716
-723
-723
-723
-725
-725
-729
-733
-736
-738
-738
-739
-741
-742
-743
-746
-747
-749
-757
-765
-766
-772
-772
-775
-778
-778
-779
-780
-781
-782
-783
-785
-787
-787
-788
-789
-789
-789
-790
-796
-798
-802
-804
-806
-806
-810
-811
-815
-817
-817
-820
-826
-830
-833
-834
-838
-838
-851
-858
-860
-860
-864
-865
-866
-867
-867
-867
-868
-872
-876
-877
-878
-882
-889
-894
-897
-898
-899
-902
-903
-905
-910
-912
-915
-916
-918
-919
-920
-920
-922
-922
-922
-925
-925
-927
-927
-930
-936
-938
-940
-943
-947
-948
-951
-959
-960
-965
-965
-965
-966
-969
-971
-972
-972
-972
-984
-986
-986
-987
-992
-992
-995
-997
-998
