10000
9995
9994
9991
9990
9984
9982
9979
9978
9976
9975
9974
9973
9973
9971
9966
9965
9961
9961
9954
9952
9952
9952
9952
9951
9951
9948
9948
9946
9943
9931
9930
9929
9928
9926
9921
9921
9921
9919
9918
9917
9916
9912
9912
9911
9911
9895
9891
9889
9889
9889
9887
9886
9875
9875
9874
9872
9871
9869
9866
9866
9865
9863
9859
9855
9853
9852
9843
9842
9841
9841
9841
9838
9836
9836
9835
9831
9831
9831
9830
9830
9829
9827
9824
9822
9822
9820
9818
9816
9816
9812
9807
9806
9804
9804
9799
9799
9798
9793
9793
9792
9791
9789
9788
9788
9787
9787
9785
9779
9778
9774
9774
9768
9767
9766
9763
9761
9761
9761
9761
9760
9759
9759
9759
9757
9756
9754
9754
9753
9752
9752
9752
9751
9749
9748
9748
9747
9747
9739
9739
9732
9730
9729
9726
9724
9722
9722
9721
9716
9714
9714
9713
9711
9708
9707
9706
9706
9700
9699
9698
9697
9697
9696
9691
9686
9683
9683
9683
9683
9681
9680
9676
9673
9671
9670
9666
9666
9665
9662
9661
9660
9660
9660
9659
9659
9658
9657
9654
9654
9653
9650
9648
9636
9635
9635
9634
9634
9633
9632
9631
9625
9620
9620
9618
9616
9615
9613
9612
9611
9610
9610
9609
9607
9606
9603
9602
9602
9602
9600
9598
9597
9590
9587
9583
9581
9581
9580
9579
9576
9575
9573
9570
9568
9567
9560
9559
9557
9556
9556
9555
9554
9551
9550
9550
9549
9548
9545
9542
9542
9536
9535
9530
9529
9526
9526
9525
9514
9509
9508
9507
9507
9504
9503
9503
9501
9497
9497
9495
9493
9490
9489
9487
9483
9482
9481
9479
9479
9472
9471
9469
9469
9467
9465
9462
9459
9459
9453
9450
9447
9447
9444
9444
9443
9443
9441
9439
9437
9436
9435
9435
9434
9434
9433
9431
9431
9430
9428
9428
9424
9423
9422
9420
9418
9417
9414
9413
9413
9411
9407
9406
9405
9405
9405
9404
9402
9401
9400
9393
9393
9391
9391
9384
9383
9383
9380
9378
9374
9372
9369
9368
9363
9361
9361
9360
9359
9358
9351
9351
9350
9348
9345
9341
9338
9337
9333
9332
9330
9324
9324
9322
9321
9320
9320
9319
9314
9311
9310
9308
9307
9307
9305
9304
9301
9301
9300
9295
9295
9291
9288
9283
9277
9275
9274
9273
9273
9271
9271
9270
9269
9269
9269
9261
9260
9256
9253
9252
9246
9245
9244
9237
9235
9234
9231
9230
9220
9220
9218
9216
9216
9214
9214
9213
9212
9209
9207
9200
9199
9197
9192
9190
9188
9188
9185
9182
9182
9181
9178
9177
9175
9175
9174
9174
9173
9170
9166
9163
9163
9161
9160
9153
9151
9150
9147
9147
9146
9144
9144
9142
9140
9134
9133
9132
9132
9129
9128
9126
9122
9120
9119
9116
9110
9109
9107
9105
9102
9099
9098
9094
9091
9091
9089
9088
9085
9084
9081
9081
9080
9078
9078
9076
9076
9075
9071
9066
9065
9064
9064
9064
9063
9059
9056
9054
9051
9051
9050
9049
9048
9045
9045
9043
9042
9041
9040
9039
9036
9031
9028
9022
9020
9019
9017
9013
9012
9011
9007
9006
9006
9004
9001
9000
8994
8991
8983
8977
8974
8970
8963
8962
8961
8959
8957
8956
8952
8950
8948
8947
8947
8946
8944
8944
8943
8941
8940
8938
8937
8937
8937
8936
8934
8933
8932
8930
8929
8929
8927
8922
8922
8921
8920
8918
8917
8915
8915
8915
8909
8909
8908
8904
8904
8902
8902
8901
8900
8894
8894
8889
8888
8887
8885
8881
8880
8878
8875
8870
8866
8862
8861
8857
8855
8852
8851
8845
8835
8832
8832
8830
8829
8826
8825
8824
8823
8821
8816
8815
8815
8813
8811
8804
8804
8802
8802
8801
8800
8800
8800
8799
8797
8797
8789
8788
8783
8782
8775
8773
8773
8771
8771
8770
8768
8766
8764
8763
8762
8762
8758
8753
8749
8748
8744
8739
8738
8738
8737
8735
8734
8734
8733
8729
8725
8724
8723
8722
8720
8719
8717
8716
8716
8711
8707
8706
8704
8695
8695
8693
8693
8692
8687
8685
8684
8682
8681
8681
8680
8680
8674
8671
8666
8666
8665
8662
8658
8656
8656
8655
8652
8652
8647
8642
8641
8637
8636
8635
8634
8634
8633
8632
8631
8630
8629
8625
8625
8624
8622
8619
8619
8617
8616
8604
8602
8602
8599
8599
8593
8593
8592
8590
8590
8589
8587
8586
8583
8581
8580
8576
8574
8572
8571
8569
8568
8566
8566
8560
8558
8557
8556
8554
8553
8553
8553
8551
8550
8548
8545
8543
8540
8537
8537
8534
8534
8531
8530
8530
8529
8528
8527
8525
8524
8522
8518
8516
8511
8510
8506
8505
8504
8501
8500
8499
8499
8495
8495
8494
8492
8491
8490
8487
8477
8475
8471
8471
8467
8463
8462
8462
8462
8458
8457
8457
8456
8454
8453
8453
8451
8450
8448
8444
8444
8441
8438
8437
8435
8431
8427
8427
8425
8425
8425
8422
8421
8418
8417
8416
8414
8411
8407
8406
8404
8404
8395
8394
8389
8389
8387
8387
8385
8383
8382
8375
8370
8365
8360
8359
8357
8354
8354
8351
8348
8348
8341
8336
8333
8332
8327
8322
8320
8320
8319
8316
8316
8315
8314
8313
8313
8309
8309
8308
8307
8307
8306
8306
8305
8302
8298
8298
8296
8290
8286
8279
8269
8268
8262
8262
8260
8259
8258
8258
8258
8257
8255
8247
8246
8245
8245
8244
8244
8242
8242
8242
8241
8241
8236
8236
8234
8231
8231
8230
8225
8223
8222
8220
8216
8211
8209
8207
8207
8203
8203
8201
8199
8199
8192
8188
8187
8187
8186
8180
8178
8177
8174
8174
8172
8171
8171
8169
8164
8164
8161
8161
8160
8158
8153
8153
8151
8150
8149
8146
8141
8140
8139
8134
8129
8129
8129
8127
8125
8124
8124
8122
8121
8120
8119
8116
8116
8113
8113
8105
8105
8103
8102
8101
8098
8096
8093
8093
8089
8087
8086
8085
8083
8079
8078
8076
8074
8074
8073
8071
8067
8066
8065
8063
8062
8060
8059
8059
8058
8057
8054
8052
8052
8048
8047
8046
8044
8041
8039
8038
8037
8037
8035
8035
8034
8031
8030
8029
8017
8013
8011
8008
8005
8004
8003
8001
7996
7995
7994
7994
7993
7990
7989
7988
7988
7983
7983
7982
7981
7980
7980
7979
7978
7978
7976
7976
7974
7973
7969
7968
7967
7967
7964
7961
7961
7956
7956
7952
7939
7937
7937
7935
7934
7932
7931
7930
7928
7925
7925
7925
7925
7923
7917
7917
7914
7912
7912
7911
7908
7904
7903
7903
7899
7893
7893
7893
7890
7890
7888
7885
7883
7881
7879
7877
7875
7875
7875
7874
7869
7869
7866
7861
7859
7855
7852
7848
7844
7838
7836
7835
7834
7833
7833
7831
7830
7830
7819
7814
7814
7814
7812
7811
7806
7805
7800
7798
7795
7793
7791
7787
7786
7785
7785
7782
7780
7779
7779
7778
7778
7777
7777
7774
7774
7773
7769
7769
7766
7765
7762
7761
7760
7759
7753
7748
7747
7745
7743
7743
7741
7740
7735
7733
7732
7726
7725
7725
7722
7719
7717
7714
7714
7713
7712
7712
7709
7708
7707
7705
7705
7704
7704
7702
7701
7700
7694
7694
7692
7692
7683
7683
7683
7682
7680
7675
7675
7673
7673
7671
7671
7665
7663
7662
7657
7656
7656
7651
7650
7648
7638
7637
7634
7631
7626
7624
7624
7623
7621
7620
7619
7613
7613
7612
7612
7610
7606
7605
7602
7599
7595
7595
7594
7592
7589
7588
7587
7586
7584
7582
7580
7577
7576
7575
7572
7571
7563
7561
7560
7551
7547
7542
7540
7538
7538
7536
7525
7523
7520
7519
7517
7517
7514
7513
7511
7510
7509
7509
7508
7506
7504
7501
7501
7500
7497
7493
7492
7491
7491
7491
7490
7488
7488
7485
7481
7481
7481
7479
7473
7473
7471
7471
7468
7464
7463
7456
7451
7448
7448
7444
7443
7442
7442
7437
7437
7434
7432
7430
7429
7428
7427
7425
7424
7422
7421
7415
7409
7406
7400
7394
7391
7391
7390
7385
7380
7380
7365
7363
7363
7362
7361
7356
7353
7352
7352
7350
7345
7344
7342
7340
7334
7334
7333
7333
7332
7331
7327
7326
7326
7325
7324
7322
7316
7304
7304
7302
7300
7300
7298
7298
7297
7295
7292
7291
7287
7284
7282
7282
7280
7280
7275
7275
7273
7272
7267
7265
7263
7262
7257
7255
7254
7254
7250
7246
7246
7241
7239
7236
7234
7233
7232
7232
7229
7228
7228
7224
7223
7222
7222
7221
7219
7218
7212
7208
7206
7201
7198
7197
7193
7193
7179
7178
7176
7175
7171
7171
7165
7165
7163
7162
7162
7159
7158
7156
7155
7152
7150
7147
7146
7145
7140
7139
7135
7133
7130
7130
7128
7126
7123
7123
7120
7120
7119
7119
7112
7108
7103
7103
7102
7102
7101
7099
7099
7094
7092
7089
7086
7083
7082
7081
7081
7079
7077
7076
7074
7072
7069
7068
7066
7062
7062
7059
7056
7055
7055
7054
7054
7052
7050
7049
7048
7048
7044
7044
7044
7040
7040
7039
7033
7032
7026
7024
7024
7017
7015
7015
7014
7013
7012
7011
7011
7006
7006
7006
7004
7004
7002
7000
6996
6992
6991
6989
6982
6981
6980
6980
6980
6975
6969
6968
6967
6966
6965
6965
6965
6964
6963
6961
6954
6952
6951
6951
6947
6946
6942
6941
6939
6936
6936
6932
6931
6930
6925
6925
6924
6923
6922
6922
6921
6916
6909
6907
6907
6905
6904
6897
6896
6895
6887
6885
6885
6878
6875
6874
6872
6871
6868
6867
6866
6865
6865
6864
6862
6861
6860
6859
6858
6857
6857
6852
6851
6851
6850
6848
6845
6842
6841
6835
6834
6833
6832
6827
6826
6816
6814
6812
6811
6809
6808
6807
6802
6802
6798
6795
6795
6791
6785
6784
6783
6779
6779
6778
6777
6776
6776
6773
6772
6762
6760
6759
6757
6756
6756
6755
6751
6751
6747
6746
6745
6740
6738
6737
6730
6730
6728
6728
6727
6717
6716
6713
6713
6709
6700
6699
6699
6697
6688
6688
6688
6685
6684
6683
6679
6678
6677
6675
6675
6674
6673
6672
6670
6667
6666
6659
6658
6657
6655
6654
6650
6649
6648
6643
6641
6634
6634
6632
6632
6631
6631
6630
6629
6627
6625
6623
6623
6622
6622
6621
6621
6620
6620
6619
6619
6619
6617
6617
6616
6616
6616
6613
6612
6611
6604
6604
6604
6596
6596
6594
6587
6586
6586
6583
6581
6579
6573
6570
6566
6564
6563
6562
6561
6560
6558
6556
6549
6549
6546
6546
6543
6543
6539
6538
6535
6535
6534
6533
6531
6530
6529
6528
6527
6523
6522
6521
6514
6514
6510
6507
6507
6507
6504
6503
6501
6499
6499
6496
6494
6490
6489
6483
6483
6481
6480
6470
6469
6468
6467
6457
6448
6443
6443
6441
6437
6437
6435
6434
6434
6432
6432
6430
6429
6429
6429
6427
6427
6426
6425
6423
6419
6417
6412
6410
6408
6403
6395
6394
6391
6391
6389
6387
6387
6386
6386
6385
6385
6385
6383
6382
6379
6376
6373
6370
6369
6366
6361
6357
6356
6355
6355
6355
6352
6350
6348
6346
6345
6342
6337
6337
6334
6333
6333
6332
6329
6326
6321
6320
6318
6317
6313
6311
6310
6308
6307
6305
6296
6293
6293
6289
6284
6283
6280
6274
6272
6270
6269
6267
6261
6260
6260
6260
6257
6255
6254
6253
6253
6252
6251
6250
6243
6242
6240
6237
6236
6235
6231
6229
6229
6229
6227
6227
6227
6227
6226
6224
6222
6216
6216
6215
6212
6211
6211
6209
6208
6206
6205
6205
6205
6199
6199
6197
6196
6191
6191
6191
6190
6189
6186
6185
6185
6184
6182
6180
6178
6178
6178
6177
6176
6174
6173
6169
6168
6165
6163
6163
6162
6160
6156
6155
6140
6135
6132
6130
6127
6124
6124
6124
6118
6116
6116
6111
6106
6105
6105
6096
6095
6093
6087
6080
6079
6079
6079
6078
6074
6071
6069
6068
6067
6060
6058
6058
6057
6056
6053
6053
6053
6052
6051
6051
6045
6044
6040
6036
6035
6034
6033
6033
6029
6029
6029
6023
6020
6018
6018
6018
6014
6012
6010
6004
6001
5998
5996
5995
5993
5991
5990
5988
5987
5986
5984
5978
5976
5973
5970
5968
5966
5965
5962
5961
5961
5960
5959
5958
5957
5955
5953
5946
5945
5942
5939
5939
5937
5931
5930
5926
5925
5923
5923
5919
5919
5918
5912
5907
5904
5901
5901
5901
5899
5899
5899
5895
5891
5886
5885
5882
5880
5879
5878
5878
5877
5867
5857
5857
5856
5852
5847
5846
5845
5843
5843
5843
5840
5837
5837
5832
5827
5825
5821
5820
5817
5816
5814
5811
5805
5805
5801
5798
5796
5795
5791
5789
5787
5787
5784
5784
5781
5779
5779
5775
5763
5761
5756
5756
5754
5753
5751
5751
5751
5746
5745
5745
5745
5745
5743
5742
5741
5735
5733
5728
5725
5723
5721
5721
5719
5716
5714
5710
5709
5708
5696
5691
5686
5685
5682
5681
5680
5677
5670
5661
5656
5655
5655
5655
5653
5651
5651
5650
5649
5642
5640
5640
5638
5638
5637
5631
5631
5627
5625
5622
5621
5620
5620
5619
5616
5614
5610
5604
5602
5600
5600
5599
5597
5596
5593
5593
5591
5587
5586
5579
5576
5572
5568
5568
5565
5564
5560
5557
5556
5556
5552
5551
5549
5545
5543
5542
5541
5541
5538
5537
5537
5537
5535
5534
5533
5532
5532
5526
5524
5523
5521
5520
5518
5513
5512
5511
5510
5509
5504
5504
5504
5501
5499
5497
5497
5494
5494
5494
5493
5492
5492
5491
5489
5486
5486
5484
5483
5482
5480
5477
5477
5476
5476
5475
5473
5468
5468
5463
5462
5462
5461
5461
5461
5459
5459
5456
5455
5453
5450
5450
5446
5445
5441
5440
5437
5434
5433
5433
5430
5430
5429
5423
5422
5421
5421
5417
5415
5414
5411
5411
5410
5404
5402
5397
5394
5393
5388
5386
5383
5382
5381
5380
5378
5373
5373
5372
5370
5369
5355
5353
5353
5347
5344
5343
5339
5338
5336
5335
5334
5332
5329
5325
5324
5323
5321
5320
5318
5313
5313
5312
5311
5308
5303
5302
5293
5289
5286
5284
5284
5284
5282
5274
5272
5271
5271
5270
5269
5267
5266
5265
5263
5261
5261
5260
5254
5253
5245
5243
5243
5242
5242
5242
5239
5236
5233
5233
5232
5231
5231
5229
5228
5228
5224
5217
5214
5213
5213
5212
5209
5205
5204
5198
5195
5194
5194
5187
5187
5187
5186
5183
5183
5182
5179
5179
5177
5175
5175
5169
5169
5168
5168
5164
5162
5160
5158
5158
5155
5154
5154
5150
5149
5147
5141
5139
5138
5137
5137
5135
5135
5135
5133
5133
5124
5123
5122
5122
5120
5119
5119
5119
5119
5118
5117
5117
5115
5112
5108
5107
5105
5105
5103
5103
5098
5097
5097
5097
5095
5089
5088
5088
5087
5085
5082
5082
5080
5080
5077
5076
5074
5070
5070
5069
5067
5066
5064
5062
5060
5060
5054
5053
5053
5051
5051
5050
5048
5046
5045
5044
5042
5040
5039
5031
5029
5027
5027
5026
5026
5025
5020
5019
5015
5014
5012
5012
4995
4992
4992
4990
4983
4981
4980
4978
4978
4977
4976
4975
4975
4975
4972
4970
4968
4966
4960
4957
4956
4953
4953
4949
4947
4946
4945
4945
4942
4941
4940
4938
4928
4927
4927
4923
4923
4922
4920
4919
4917
4916
4913
4908
4903
4903
4901
4901
4897
4896
4890
4886
4883
4883
4878
4877
4876
4875
4872
4871
4868
4867
4866
4866
4866
4856
4856
4854
4853
4848
4844
4842
4839
4836
4835
4834
4831
4831
4828
4825
4825
4823
4822
4819
4814
4810
4809
4807
4806
4803
4801
4800
4796
4793
4789
4787
4787
4786
4784
4783
4782
4781
4781
4778
4778
4776
4773
4772
4771
4771
4769
4765
4762
4760
4757
4757
4755
4746
4745
4743
4740
4740
4733
4733
4732
4730
4730
4730
4729
4728
4728
4728
4724
4724
4719
4708
4705
4702
4702
4702
4694
4691
4690
4689
4688
4687
4684
4683
4682
4680
4680
4680
4676
4669
4667
4666
4662
4658
4658
4652
4650
4649
4646
4645
4643
4643
4641
4641
4633
4631
4626
4626
4625
4624
4623
4621
4618
4614
4613
4608
4608
4606
4605
4598
4594
4591
4590
4587
4587
4587
4586
4585
4585
4584
4583
4583
4582
4581
4578
4573
4572
4571
4568
4567
4567
4565
4565
4564
4563
4562
4559
4559
4557
4557
4556
4555
4553
4552
4549
4548
4542
4539
4537
4533
4531
4529
4523
4521
4518
4516
4515
4514
4514
4511
4510
4508
4505
4502
4497
4485
4484
4481
4473
4472
4469
4464
4461
4459
4458
4456
4453
4453
4452
4449
4448
4446
4445
4443
4442
4439
4435
4434
4434
4432
4430
4430
4428
4424
4423
4422
4421
4417
4413
4411
4410
4409
4405
4404
4404
4403
4401
4397
4396
4394
4393
4392
4392
4387
4384
4384
4382
4381
4381
4381
4380
4379
4375
4367
4365
4364
4364
4362
4358
4356
4355
4354
4350
4348
4346
4341
4341
4340
4329
4325
4324
4323
4321
4319
4318
4316
4315
4314
4312
4311
4304
4301
4297
4297
4294
4291
4290
4290
4287
4285
4282
4280
4278
4276
4274
4274
4269
4269
4266
4265
4261
4259
4257
4256
4256
4256
4250
4245
4244
4237
4237
4237
4236
4234
4234
4233
4229
4228
4226
4223
4222
4220
4212
4210
4208
4208
4207
4205
4203
4201
4200
4200
4198
4198
4197
4195
4193
4190
4190
4189
4188
4185
4182
4181
4180
4180
4177
4174
4173
4173
4169
4168
4167
4166
4164
4161
4159
4158
4156
4154
4153
4149
4146
4144
4141
4139
4134
4133
4133
4133
4130
4127
4126
4115
4114
4114
4106
4099
4097
4094
4080
4075
4071
4071
4069
4067
4066
4064
4062
4059
4054
4054
4054
4046
4044
4044
4042
4042
4038
4038
4036
4032
4029
4028
4028
4026
4025
4023
4020
4018
4017
4012
4010
4005
4005
4005
4001
4000
4000
3995
3992
3989
3986
3985
3979
3976
3971
3967
3964
3964
3962
3958
3955
3955
3951
3950
3947
3946
3946
3946
3941
3940
3939
3939
3939
3937
3927
3926
3924
3923
3916
3906
3905
3900
3898
3897
3895
3895
3893
3892
3887
3886
3884
3881
3879
3878
3877
3874
3874
3873
3871
3860
3857
3851
3848
3847
3844
3844
3841
3841
3840
3839
3828
3824
3823
3821
3817
3812
3811
3811
3810
3807
3805
3802
3801
3799
3796
3795
3794
3792
3791
3787
3779
3779
3775
3772
3767
3767
3766
3764
3763
3763
3755
3752
3747
3745
3744
3741
3740
3739
3738
3736
3734
3734
3734
3733
3730
3728
3728
3727
3726
3726
3725
3721
3720
3719
3719
3718
3715
3710
3710
3710
3708
3704
3700
3699
3693
3691
3690
3688
3682
3677
3676
3675
3674
3673
3673
3672
3670
3668
3667
3664
3664
3662
3658
3658
3656
3653
3651
3646
3639
3638
3637
3636
3635
3634
3633
3629
3627
3621
3618
3618
3615
3615
3614
3613
3611
3610
3610
3609
3607
3607
3605
3604
3604
3602
3601
3598
3598
3592
3589
3586
3583
3575
3574
3574
3570
3569
3569
3564
3564
3563
3563
3562
3559
3558
3554
3553
3551
3548
3541
3541
3538
3538
3535
3535
3534
3531
3530
3529
3529
3526
3525
3523
3521
3518
3514
3511
3508
3507
3504
3503
3498
3492
3491
3489
3486
3482
3482
3481
3479
3473
3472
3472
3469
3469
3464
3462
3461
3461
3460
3457
3457
3457
3455
3454
3454
3453
3453
3449
3448
3446
3446
3444
3442
3433
3433
3431
3425
3424
3424
3421
3419
3418
3417
3414
3410
3409
3408
3406
3401
3401
3399
3398
3395
3391
3389
3389
3389
3387
3385
3384
3379
3377
3376
3376
3375
3375
3373
3370
3370
3370
3367
3367
3366
3361
3361
3359
3358
3351
3351
3348
3347
3347
3346
3337
3333
3330
3329
3327
3325
3324
3324
3321
3317
3315
3310
3310
3307
3307
3300
3300
3300
3299
3297
3297
3294
3293
3290
3288
3286
3278
3276
3276
3276
3275
3273
3270
3269
3268
3266
3262
3261
3260
3258
3257
3255
3253
3252
3251
3250
3249
3247
3247
3242
3241
3236
3236
3235
3234
3232
3231
3225
3224
3220
3218
3215
3214
3211
3206
3205
3202
3200
3199
3198
3198
3196
3194
3193
3191
3190
3188
3188
3184
3181
3177
3176
3174
3174
3172
3169
3168
3167
3162
3154
3153
3153
3153
3152
3151
3146
3143
3143
3143
3142
3134
3132
3131
3127
3126
3123
3116
3115
3114
3114
3114
3113
3112
3112
3112
3103
3100
3098
3098
3098
3095
3092
3090
3082
3080
3076
3076
3075
3075
3073
3072
3067
3064
3064
3060
3056
3055
3050
3048
3045
3044
3043
3041
3040
3040
3036
3036
3036
3032
3029
3027
3026
3024
3022
3021
3020
3018
3015
3015
3012
3012
3010
3009
3007
3005
3001
3001
2999
2999
2999
2992
2979
2978
2976
2970
2969
2968
2967
2966
2964
2963
2960
2958
2956
2954
2954
2953
2951
2951
2950
2950
2947
2945
2943
2941
2939
2937
2927
2925
2925
2921
2919
2917
2914
2914
2912
2911
2911
2909
2908
2907
2905
2903
2901
2900
2899
2896
2895
2893
2893
2889
2889
2884
2883
2881
2878
2878
2878
2877
2875
2875
2871
2869
2869
2868
2868
2865
2864
2863
2859
2857
2855
2855
2853
2853
2852
2851
2851
2849
2849
2847
2845
2843
2843
2842
2842
2840
2839
2838
2829
2827
2825
2820
2820
2818
2815
2813
2811
2804
2803
2799
2795
2793
2791
2791
2790
2789
2788
2787
2787
2787
2785
2782
2782
2777
2777
2775
2773
2771
2768
2765
2762
2758
2757
2755
2753
2745
2744
2741
2734
2734
2725
2722
2722
2717
2716
2709
2706
2704
2701
2699
2696
2695
2694
2693
2691
2690
2689
2683
2681
2680
2673
2673
2672
2671
2662
2654
2653
2648
2642
2640
2639
2639
2636
2636
2634
2634
2632
2629
2618
2613
2612
2607
2607
2604
2602
2599
2597
2595
2592
2591
2588
2587
2585
2577
2576
2575
2574
2571
2571
2568
2567
2564
2563
2561
2559
2554
2547
2538
2537
2535
2534
2534
2532
2531
2531
2530
2530
2526
2525
2525
2520
2519
2515
2510
2509
2508
2507
2507
2496
2496
2494
2494
2490
2485
2480
2480
2480
2480
2480
2478
2478
2477
2476
2467
2466
2464
2460
2458
2455
2453
2453
2447
2444
2443
2439
2437
2436
2436
2435
2434
2433
2433
2431
2430
2429
2428
2427
2425
2421
2418
2418
2415
2412
2410
2410
2409
2407
2406
2405
2401
2400
2400
2399
2397
2397
2392
2391
2387
2387
2385
2383
2380
2380
2379
2377
2373
2373
2367
2364
2357
2354
2350
2350
2349
2349
2349
2348
2347
2346
2343
2340
2338
2332
2328
2327
2325
2322
2322
2319
2318
2314
2314
2311
2305
2301
2298
2297
2295
2295
2295
2293
2291
2281
2278
2271
2271
2268
2267
2265
2265
2264
2254
2254
2252
2247
2245
2245
2245
2238
2238
2238
2233
2229
2229
2225
2223
2218
2218
2216
2215
2211
2211
2210
2209
2208
2206
2206
2205
2204
2203
2203
2198
2195
2189
2186
2184
2183
2183
2181
2178
2175
2172
2171
2170
2169
2166
2164
2164
2162
2160
2156
2152
2150
2150
2148
2147
2146
2145
2144
2142
2140
2140
2139
2136
2136
2131
2130
2125
2123
2114
2114
2112
2111
2108
2107
2106
2106
2104
2101
2099
2098
2097
2096
2095
2095
2091
2089
2089
2087
2087
2085
2085
2082
2080
2080
2077
2073
2073
2069
2066
2065
2065
2065
2064
2061
2060
2059
2056
2056
2049
2048
2046
2044
2043
2042
2040
2038
2036
2035
2034
2032
2030
2028
2027
2026
2025
2023
2018
2018
2016
2015
2014
2012
2008
2008
2006
2005
2003
2003
2002
2002
2002
2001
2000
2000
1995
1994
1993
1991
1991
1988
1987
1985
1984
1981
1979
1978
1978
1972
1966
1965
1959
1956
1955
1955
1949
1947
1947
1946
1942
1942
1935
1935
1933
1932
1926
1919
1919
1919
1914
1912
1906
1906
1906
1906
1905
1904
1903
1902
1897
1897
1895
1894
1892
1891
1889
1887
1887
1885
1880
1876
1875
1875
1873
1871
1869
1867
1866
1864
1863
1862
1858
1856
1854
1853
1850
1848
1846
1842
1837
1834
1834
1830
1824
1823
1819
1816
1815
1814
1812
1798
1794
1786
1785
1785
1782
1781
1780
1779
1779
1774
1770
1767
1766
1763
1763
1760
1758
1755
1755
1755
1752
1750
1749
1749
1748
1745
1739
1734
1733
1730
1729
1728
1728
1727
1721
1717
1715
1715
1714
1713
1712
1712
1712
1711
1702
1700
1700
1698
1697
1697
1691
1690
1690
1687
1686
1685
1684
1680
1677
1677
1674
1674
1673
1673
1672
1666
1665
1664
1662
1661
1658
1656
1654
1653
1652
1652
1649
1648
1647
1643
1642
1640
1638
1636
1634
1633
1629
1627
1626
1624
1623
1621
1621
1617
1617
1616
1616
1612
1611
1608
1607
1598
1597
1597
1592
1592
1589
1587
1585
1579
1575
1574
1574
1574
1573
1570
1567
1565
1565
1562
1561
1557
1556
1556
1555
1554
1550
1548
1548
1547
1546
1543
1540
1540
1535
1532
1526
1523
1523
1518
1517
1511
1511
1509
1509
1508
1507
1505
1504
1500
1500
1497
1497
1496
1496
1495
1494
1494
1490
1489
1486
1481
1481
1480
1479
1477
1476
1472
1471
1465
1461
1459
1456
1447
1443
1442
1438
1437
1434
1434
1433
1430
1430
1429
1423
1423
1420
1420
1420
1419
1418
1413
1409
1405
1403
1403
1403
1399
1399
1396
1393
1390
1390
1387
1384
1384
1384
1381
1376
1376
1374
1374
1370
1369
1369
1369
1368
1362
1358
1355
1353
1351
1349
1348
1348
1344
1341
1339
1338
1335
1333
1332
1332
1331
1330
1329
1328
1328
1328
1319
1318
1315
1314
1313
1310
1305
1295
1293
1293
1285
1282
1280
1279
1276
1263
1259
1257
1257
1256
1254
1253
1253
1250
1247
1245
1242
1241
1239
1236
1235
1235
1232
1231
1231
1230
1228
1226
1217
1215
1215
1214
1214
1208
1206
1205
1205
1203
1202
1202
1200
1197
1196
1192
1190
1188
1188
1186
1185
1182
1182
1181
1179
1178
1175
1174
1173
1172
1171
1170
1169
1163
1163
1161
1158
1157
1152
1146
1145
1144
1143
1143
1142
1141
1136
1136
1135
1133
1131
1129
1129
1129
1129
1123
1122
1120
1119
1118
1116
1115
1114
1114
1111
1106
1105
1100
1100
1099
1098
1098
1092
1090
1085
1084
1081
1079
1074
1073
1065
1065
1062
1062
1060
1059
1054
1053
1052
1046
1045
1044
1042
1041
1038
1037
1036
1036
1035
1034
1031
1030
1030
1029
1029
1026
1026
1021
1019
1017
1016
1011
1010
1007
1007
1005
1000
998
994
993
993
993
993
992
991
988
985
983
982
982
980
977
976
975
972
967
966
957
953
948
948
947
947
946
943
940
938
938
938
938
937
936
932
926
925
922
919
917
917
912
912
911
904
903
900
899
894
893
892
888
885
883
879
878
876
875
873
868
868
865
861
861
861
860
857
857
855
848
847
847
846
844
844
842
841
841
839
838
836
835
835
833
833
831
830
830
827
827
826
824
821
816
815
814
814
811
810
809
809
807
806
806
802
800
799
797
791
790
790
789
789
789
785
781
780
777
776
775
773
770
770
766
766
764
762
761
760
753
751
749
746
745
744
743
742
742
740
739
735
735
731
731
725
724
721
718
716
713
712
711
709
707
704
704
702
701
699
699
699
699
694
691
689
687
685
684
682
680
677
675
673
672
670
670
668
668
667
659
658
657
653
648
648
647
639
637
637
635
634
632
630
629
627
623
622
622
621
620
619
617
616
616
612
610
609
609
608
607
605
603
602
600
599
597
596
594
593
588
587
587
587
585
584
582
580
578
578
578
574
570
570
567
566
565
565
565
564
558
558
556
556
555
555
555
554
551
549
548
545
544
542
541
540
538
532
531
528
522
522
521
521
520
519
519
518
517
517
516
514
513
513
512
512
512
510
510
508
508
507
507
506
503
499
498
498
498
496
496
495
492
491
488
486
485
483
482
480
477
475
473
470
470
469
468
465
465
461
457
455
455
454
454
453
453
452
452
451
451
449
449
447
445
444
443
441
440
440
439
438
438
435
434
428
425
424
424
420
419
419
417
417
414
412
411
411
409
408
408
406
405
401
399
399
397
396
391
390
390
389
388
386
380
380
379
377
374
374
367
367
366
365
360
359
357
356
356
353
353
353
352
351
347
346
345
343
341
340
334
333
330
328
325
325
322
318
317
315
311
311
308
306
301
296
295
295
293
289
289
288
286
286
284
282
281
281
279
278
278
277
277
277
272
269
269
265
265
265
255
254
247
246
246
245
245
244
243
242
241
239
236
232
232
228
226
222
221
219
217
216
215
214
211
208
207
206
205
199
199
195
194
193
185
182
179
179
179
179
174
173
171
169
163
160
159
155
153
150
150
149
147
145
144
140
139
138
137
132
132
131
131
128
123
120
116
114
112
106
105
104
103
103
100
95
94
92
91
88
88
87
84
83
82
82
73
70
67
65
64
63
62
61
61
58
54
52
50
45
44
42
41
36
35
34
33
33
32
30
29
28
27
27
26
23
22
21
20
17
17
16
14
10
7
-1
-2
-2
-6
-8
-12
-12
-16
-19
-20
-22
-23
-24
-26
-26
-35
-38
-45
-47
-49
-50
-52
-56
-58
-61
-62
-65
-69
-70
-70
-71
-72
-73
-74
-76
-77
-78
-80
-80
-81
-82
-84
-86
-86
-88
-89
-90
-93
-98
-100
-101
-101
-112
-113
-114
-115
-120
-122
-123
-139
-140
-141
-142
-146
-149
-149
-151
-152
-154
-157
-168
-174
-176
-177
-177
-178
-183
-183
-185
-186
-188
-188
-189
-191
-191
-192
-194
-195
-197
-199
-203
-204
-205
-207
-207
-208
-209
-212
-212
-213
-218
-218
-220
-220
-220
-226
-227
-228
-231
-232
-233
-238
-241
-242
-247
-247
-248
-249
-251
-255
-256
-258
-260
-265
-266
-267
-268
-269
-273
-274
-276
-282
-282
-284
-287
-289
-292
-294
-297
-298
-299
-302
-302
-302
-303
-304
-308
-310
-312
-312
-313
-314
-316
-320
-324
-331
-332
-334
-335
-338
-341
-346
-347
-348
-350
-352
-353
-358
-360
-360
-364
-364
-369
-369
-370
-373
-373
-374
-374
-379
-381
-383
-385
-391
-395
-395
-402
-402
-404
-405
-406
-409
-410
-410
-412
-414
-419
-426
-433
-436
-437
-438
-442
-442
-454
-454
-454
-455
-455
-456
-457
-458
-460
-461
-462
-463
-466
-468
-472
-481
-482
-485
-487
-488
-489
-489
-491
-491
-494
-496
-498
-502
-502
-504
-505
-506
-507
-507
-511
-511
-512
-514
-518
-518
-519
-519
-525
-526
-527
-528
-529
-530
-531
-533
-537
-538
-542
-544
-544
-545
-545
-546
-546
-551
-552
-555
-556
-556
-566
-568
-572
-572
-576
-576
-576
-578
-579
-585
-587
-593
-597
-599
-599
-600
-601
-605
-606
-607
-608
-608
-612
-613
-613
-619
-620
-621
-624
-624
-625
-626
-628
-630
-631
-632
-633
-633
-639
-640
-641
-644
-651
-654
-655
-655
-657
-660
-660
-661
-667
-669
-671
-673
-674
-674
-676
-676
-676
-680
-680
-681
-682
-682
-684
-685
-687
-694
-695
-696
-696
-706
-706
-709
-709
-712
-713
-714
-718
-718
-719
-723
-725
-726
-730
-737
-738
-740
-743
-743
-743
-744
-744
-746
-751
-754
-759
-760
-770
-778
-790
-791
-791
-793
-796
-797
-801
-804
-807
-810
-813
-813
-820
-820
-822
-827
-834
-834
-835
-841
-842
-844
-844
-846
-846
-847
-851
-854
-859
-859
-862
-868
-871
-872
-878
-878
-878
-881
-883
-883
-886
-889
-890
-891
-896
-900
-900
-906
-913
-916
-917
-918
-919
-923
-928
-929
-930
-931
-932
-932
-933
-936
-940
-940
-941
-942
-943
-945
-950
-950
-952
-953
-954
-957
-958
-959
-959
-961
-965
-967
-969
-972
-973
-974
-978
-978
-981
-982
-984
-985
-986
-987
-990
-991
-992
-992
-993
-993
-995
-995
-996
-998
-998
-1002
-1004
-1004
-1005
-1008
-1008
-1009
-1010
-1010
-1013
-1015
-1016
-1019
-1021
-1021
-1021
-1022
-1026
-1030
-1030
-1032
-1032
-1032
-1042
-1043
-1046
-1046
-1050
-1051
-1054
-1059
-1062
-1063
-1063
-1063
-1067
-1069
-1069
-1073
-1074
-1076
-1078
-1081
-1087
-1088
-1088
-1088
-1090
-1091
-1092
-1093
-1094
-1100
-1110
-1111
-1112
-1112
-1116
-1118
-1119
-1120
-1121
-1121
-1124
-1126
-1126
-1126
-1139
-1140
-1141
-1145
-1147
-1150
-1159
-1164
-1165
-1167
-1168
-1168
-1168
-1170
-1170
-1172
-1177
-1184
-1186
-1187
-1187
-1188
-1192
-1196
-1200
-1200
-1201
-1201
-1202
-1206
-1207
-1209
-1210
-1210
-1210
-1214
-1216
-1218
-1219
-1221
-1221
-1222
-1223
-1224
-1226
-1227
-1231
-1234
-1234
-1239
-1240
-1241
-1241
-1244
-1246
-1248
-1252
-1254
-1255
-1259
-1262
-1267
-1269
-1273
-1274
-1274
-1275
-1276
-1281
-1282
-1283
-1286
-1287
-1287
-1289
-1290
-1291
-1292
-1292
-1294
-1294
-1295
-1296
-1298
-1300
-1301
-1302
-1302
-1302
-1307
-1308
-1308
-1309
-1310
-1310
-1313
-1315
-1316
-1317
-1320
-1324
-1325
-1328
-1330
-1331
-1332
-1333
-1334
-1339
-1340
-1342
-1342
-1345
-1353
-1358
-1362
-1363
-1364
-1370
-1371
-1376
-1376
-1377
-1380
-1381
-1383
-1384
-1386
-1388
-1389
-1390
-1391
-1396
-1396
-1397
-1397
-1399
-1399
-1403
-1405
-1409
-1413
-1416
-1417
-1417
-1419
-1420
-1420
-1424
-1425
-1428
-1430
-1432
-1433
-1433
-1435
-1435
-1435
-1437
-1441
-1441
-1442
-1442
-1442
-1448
-1449
-1453
-1454
-1454
-1454
-1460
-1464
-1466
-1466
-1470
-1471
-1476
-1477
-1481
-1483
-1484
-1485
-1485
-1488
-1488
-1488
-1489
-1489
-1489
-1495
-1497
-1498
-1503
-1505
-1508
-1510
-1512
-1515
-1515
-1516
-1520
-1522
-1528
-1529
-1531
-1531
-1534
-1537
-1537
-1541
-1542
-1543
-1547
-1548
-1552
-1558
-1559
-1562
-1566
-1567
-1569
-1569
-1570
-1575
-1576
-1577
-1581
-1582
-1582
-1583
-1583
-1585
-1587
-1589
-1590
-1590
-1602
-1605
-1609
-1610
-1612
-1612
-1613
-1614
-1614
-1616
-1617
-1619
-1624
-1625
-1625
-1627
-1629
-1629
-1632
-1633
-1639
-1640
-1640
-1650
-1654
-1656
-1658
-1659
-1662
-1664
-1667
-1668
-1669
-1669
-1669
-1669
-1671
-1673
-1675
-1683
-1683
-1683
-1683
-1686
-1689
-1690
-1690
-1691
-1691
-1691
-1691
-1692
-1693
-1695
-1696
-1696
-1697
-1701
-1702
-1707
-1707
-1707
-1714
-1714
-1715
-1718
-1724
-1727
-1728
-1729
-1730
-1731
-1731
-1733
-1734
-1735
-1735
-1741
-1744
-1745
-1753
-1759
-1761
-1763
-1766
-1766
-1772
-1777
-1778
-1778
-1780
-1782
-1785
-1786
-1788
-1789
-1792
-1800
-1804
-1805
-1805
-1805
-1805
-1807
-1808
-1809
-1809
-1810
-1810
-1812
-1816
-1816
-1821
-1823
-1826
-1829
-1832
-1833
-1841
-1841
-1844
-1844
-1844
-1845
-1846
-1852
-1854
-1859
-1860
-1861
-1861
-1863
-1864
-1864
-1865
-1867
-1868
-1872
-1872
-1873
-1874
-1876
-1880
-1880
-1881
-1885
-1889
-1893
-1900
-1902
-1902
-1904
-1907
-1907
-1912
-1917
-1917
-1917
-1918
-1920
-1923
-1928
-1930
-1936
-1938
-1940
-1940
-1942
-1944
-1951
-1953
-1953
-1953
-1956
-1957
-1957
-1972
-1973
-1974
-1975
-1977
-1977
-1983
-1983
-1983
-1984
-1988
-1990
-1993
-1993
-1997
-1998
-2000
-2000
-2001
-2002
-2003
-2005
-2011
-2016
-2019
-2020
-2020
-2021
-2025
-2029
-2029
-2030
-2034
-2036
-2042
-2046
-2047
-2048
-2048
-2049
-2052
-2054
-2055
-2056
-2059
-2060
-2061
-2061
-2062
-2066
-2066
-2066
-2067
-2072
-2073
-2073
-2076
-2076
-2077
-2077
-2078
-2083
-2087
-2092
-2095
-2095
-2096
-2098
-2099
-2103
-2108
-2109
-2113
-2115
-2115
-2116
-2118
-2126
-2128
-2128
-2129
-2129
-2132
-2133
-2134
-2136
-2137
-2138
-2143
-2143
-2146
-2150
-2150
-2150
-2152
-2154
-2156
-2157
-2157
-2159
-2163
-2163
-2163
-2164
-2164
-2165
-2170
-2175
-2176
-2177
-2178
-2183
-2186
-2189
-2192
-2192
-2193
-2195
-2197
-2198
-2200
-2205
-2208
-2208
-2210
-2211
-2212
-2213
-2224
-2224
-2227
-2228
-2228
-2235
-2235
-2240
-2241
-2242
-2243
-2246
-2247
-2250
-2252
-2254
-2257
-2257
-2258
-2259
-2260
-2260
-2260
-2260
-2260
-2261
-2263
-2266
-2267
-2269
-2270
-2274
-2275
-2276
-2278
-2278
-2279
-2280
-2284
-2285
-2290
-2293
-2294
-2294
-2296
-2299
-2304
-2305
-2310
-2312
-2313
-2316
-2317
-2317
-2317
-2324
-2329
-2330
-2331
-2332
-2336
-2340
-2341
-2341
-2342
-2342
-2352
-2352
-2353
-2357
-2361
-2364
-2371
-2371
-2374
-2375
-2380
-2380
-2383
-2384
-2385
-2385
-2387
-2388
-2388
-2391
-2392
-2392
-2393
-2394
-2395
-2397
-2399
-2410
-2415
-2416
-2417
-2418
-2419
-2420
-2420
-2423
-2424
-2425
-2425
-2426
-2433
-2434
-2439
-2439
-2441
-2441
-2447
-2451
-2451
-2452
-2454
-2455
-2455
-2458
-2460
-2460
-2461
-2462
-2462
-2462
-2463
-2464
-2465
-2467
-2468
-2470
-2471
-2472
-2472
-2474
-2474
-2477
-2477
-2478
-2479
-2480
-2482
-2489
-2493
-2494
-2494
-2495
-2498
-2498
-2499
-2499
-2501
-2501
-2504
-2505
-2509
-2511
-2512
-2514
-2517
-2518
-2519
-2522
-2522
-2524
-2528
-2528
-2529
-2529
-2532
-2534
-2534
-2537
-2540
-2542
-2543
-2547
-2547
-2548
-2548
-2549
-2555
-2559
-2561
-2564
-2565
-2565
-2568
-2570
-2571
-2572
-2574
-2577
-2578
-2579
-2581
-2583
-2584
-2585
-2586
-2588
-2589
-2590
-2591
-2593
-2594
-2598
-2602
-2603
-2603
-2603
-2609
-2610
-2613
-2614
-2615
-2615
-2617
-2619
-2621
-2621
-2628
-2632
-2634
-2634
-2634
-2635
-2639
-2640
-2641
-2646
-2647
-2651
-2651
-2652
-2653
-2656
-2656
-2657
-2660
-2660
-2660
-2662
-2662
-2663
-2663
-2663
-2665
-2665
-2665
-2665
-2667
-2672
-2673
-2674
-2675
-2682
-2683
-2683
-2687
-2689
-2690
-2691
-2691
-2693
-2697
-2699
-2701
-2704
-2704
-2705
-2707
-2711
-2712
-2717
-2718
-2722
-2723
-2723
-2725
-2726
-2727
-2728
-2728
-2730
-2731
-2734
-2735
-2738
-2744
-2744
-2747
-2748
-2750
-2754
-2756
-2757
-2757
-2759
-2763
-2766
-2767
-2769
-2770
-2771
-2771
-2771
-2772
-2773
-2775
-2776
-2777
-2778
-2781
-2782
-2782
-2783
-2784
-2784
-2786
-2786
-2789
-2792
-2793
-2793
-2798
-2798
-2800
-2804
-2805
-2806
-2808
-2808
-2809
-2809
-2811
-2812
-2813
-2814
-2815
-2816
-2821
-2822
-2823
-2826
-2826
-2827
-2828
-2830
-2835
-2836
-2838
-2841
-2843
-2851
-2852
-2853
-2855
-2861
-2868
-2869
-2876
-2879
-2879
-2882
-2887
-2887
-2890
-2890
-2891
-2891
-2894
-2894
-2896
-2901
-2901
-2906
-2906
-2911
-2913
-2917
-2917
-2919
-2922
-2923
-2923
-2924
-2924
-2929
-2940
-2941
-2945
-2945
-2947
-2947
-2947
-2950
-2956
-2958
-2959
-2962
-2963
-2963
-2964
-2967
-2971
-2973
-2974
-2975
-2977
-2979
-2980
-2981
-2983
-2986
-2987
-2988
-2988
-2989
-2989
-2994
-2995
-2996
-2996
-2997
-2997
-3002
-3003
-3003
-3005
-3007
-3007
-3009
-3009
-3011
-3013
-3014
-3017
-3018
-3019
-3021
-3028
-3033
-3034
-3039
-3040
-3041
-3045
-3045
-3046
-3050
-3050
-3051
-3053
-3057
-3060
-3060
-3064
-3065
-3068
-3072
-3072
-3073
-3075
-3075
-3076
-3078
-3080
-3081
-3081
-3086
-3089
-3090
-3090
-3098
-3099
-3100
-3100
-3100
-3100
-3102
-3102
-3103
-3103
-3113
-3113
-3114
-3115
-3115
-3117
-3118
-3118
-3119
-3126
-3127
-3129
-3129
-3135
-3136
-3142
-3145
-3151
-3152
-3156
-3157
-3157
-3159
-3162
-3162
-3162
-3165
-3166
-3169
-3170
-3170
-3170
-3175
-3182
-3182
-3182
-3184
-3187
-3188
-3190
-3190
-3192
-3193
-3194
-3197
-3200
-3203
-3204
-3205
-3207
-3207
-3208
-3210
-3211
-3212
-3213
-3214
-3215
-3216
-3216
-3217
-3219
-3219
-3220
-3222
-3223
-3229
-3231
-3232
-3232
-3238
-3240
-3240
-3241
-3241
-3244
-3246
-3246
-3247
-3249
-3251
-3254
-3254
-3257
-3259
-3259
-3260
-3262
-3263
-3263
-3269
-3274
-3274
-3274
-3275
-3276
-3276
-3277
-3277
-3280
-3283
-3284
-3285
-3285
-3286
-3290
-3295
-3297
-3299
-3305
-3306
-3308
-3318
-3320
-3321
-3322
-3326
-3331
-3331
-3332
-3334
-3336
-3338
-3338
-3339
-3343
-3343
-3344
-3350
-3350
-3352
-3352
-3354
-3356
-3357
-3358
-3358
-3359
-3359
-3360
-3365
-3371
-3371
-3372
-3380
-3383
-3383
-3383
-3384
-3385
-3386
-3387
-3390
-3390
-3393
-3400
-3402
-3403
-3406
-3409
-3409
-3410
-3411
-3416
-3419
-3421
-3422
-3423
-3426
-3426
-3427
-3428
-3430
-3433
-3433
-3444
-3448
-3448
-3449
-3449
-3455
-3457
-3458
-3462
-3465
-3465
-3466
-3467
-3467
-3469
-3469
-3471
-3473
-3473
-3475
-3477
-3479
-3481
-3483
-3487
-3488
-3489
-3490
-3495
-3502
-3505
-3509
-3511
-3511
-3512
-3512
-3515
-3518
-3520
-3530
-3534
-3536
-3545
-3547
-3549
-3550
-3550
-3554
-3557
-3557
-3557
-3558
-3558
-3561
-3564
-3568
-3575
-3583
-3583
-3585
-3585
-3587
-3591
-3600
-3602
-3606
-3610
-3613
-3620
-3622
-3627
-3628
-3630
-3631
-3634
-3636
-3636
-3636
-3637
-3639
-3643
-3645
-3645
-3649
-3651
-3652
-3654
-3657
-3658
-3658
-3659
-3661
-3663
-3664
-3665
-3667
-3668
-3669
-3670
-3671
-3671
-3672
-3676
-3679
-3681
-3682
-3682
-3683
-3685
-3685
-3685
-3687
-3688
-3688
-3691
-3692
-3692
-3693
-3698
-3703
-3704
-3708
-3710
-3712
-3714
-3715
-3716
-3717
-3718
-3719
-3720
-3721
-3721
-3722
-3723
-3726
-3727
-3728
-3729
-3739
-3741
-3741
-3744
-3744
-3745
-3745
-3745
-3748
-3752
-3754
-3756
-3758
-3758
-3767
-3770
-3771
-3773
-3774
-3778
-3778
-3779
-3783
-3784
-3788
-3789
-3793
-3794
-3795
-3795
-3797
-3797
-3798
-3798
-3799
-3802
-3810
-3811
-3812
-3813
-3825
-3827
-3828
-3831
-3835
-3836
-3837
-3839
-3840
-3842
-3843
-3844
-3845
-3847
-3847
-3847
-3852
-3853
-3854
-3861
-3864
-3864
-3865
-3873
-3876
-3876
-3878
-3881
-3881
-3883
-3883
-3886
-3886
-3887
-3888
-3892
-3898
-3901
-3902
-3903
-3903
-3903
-3906
-3906
-3907
-3909
-3910
-3914
-3917
-3919
-3924
-3925
-3927
-3927
-3931
-3933
-3936
-3937
-3941
-3943
-3943
-3948
-3953
-3955
-3961
-3962
-3965
-3966
-3966
-3967
-3968
-3969
-3973
-3975
-3977
-3978
-3981
-3982
-3983
-3983
-3984
-3988
-3989
-3997
-3998
-4006
-4006
-4011
-4011
-4013
-4013
-4013
-4016
-4016
-4018
-4020
-4024
-4025
-4037
-4038
-4039
-4039
-4041
-4042
-4045
-4049
-4051
-4052
-4052
-4056
-4056
-4056
-4057
-4058
-4058
-4060
-4060
-4063
-4064
-4065
-4068
-4068
-4070
-4074
-4074
-4076
-4077
-4080
-4080
-4085
-4093
-4093
-4094
-4094
-4096
-4100
-4102
-4102
-4104
-4104
-4106
-4109
-4111
-4114
-4114
-4115
-4115
-4116
-4118
-4118
-4120
-4120
-4121
-4126
-4130
-4132
-4138
-4140
-4142
-4144
-4146
-4148
-4150
-4151
-4152
-4152
-4153
-4157
-4157
-4157
-4160
-4160
-4167
-4171
-4172
-4174
-4174
-4177
-4178
-4179
-4179
-4183
-4184
-4186
-4190
-4190
-4190
-4191
-4191
-4194
-4194
-4197
-4200
-4202
-4203
-4203
-4203
-4205
-4205
-4207
-4207
-4209
-4210
-4212
-4214
-4215
-4218
-4218
-4218
-4220
-4222
-4224
-4224
-4229
-4229
-4229
-4230
-4230
-4233
-4234
-4234
-4237
-4240
-4242
-4242
-4243
-4246
-4247
-4249
-4254
-4254
-4256
-4257
-4257
-4259
-4264
-4265
-4267
-4275
-4276
-4281
-4281
-4283
-4285
-4287
-4288
-4294
-4295
-4295
-4296
-4300
-4301
-4305
-4307
-4308
-4308
-4308
-4311
-4312
-4315
-4316
-4316
-4317
-4319
-4320
-4322
-4324
-4326
-4327
-4327
-4327
-4330
-4333
-4333
-4337
-4338
-4338
-4338
-4339
-4339
-4341
-4343
-4343
-4343
-4343
-4344
-4346
-4350
-4352
-4354
-4354
-4359
-4360
-4364
-4372
-4373
-4373
-4377
-4379
-4379
-4381
-4382
-4383
-4384
-4384
-4385
-4386
-4388
-4388
-4388
-4390
-4394
-4394
-4396
-4396
-4398
-4399
-4405
-4412
-4415
-4417
-4418
-4418
-4419
-4420
-4420
-4422
-4424
-4426
-4428
-4429
-4429
-4432
-4434
-4439
-4440
-4441
-4443
-4448
-4448
-4450
-4455
-4456
-4461
-4468
-4469
-4470
-4471
-4473
-4474
-4475
-4482
-4484
-4484
-4492
-4493
-4494
-4495
-4495
-4495
-4496
-4498
-4499
-4500
-4502
-4507
-4508
-4511
-4514
-4515
-4521
-4522
-4523
-4525
-4527
-4530
-4531
-4531
-4532
-4532
-4532
-4534
-4535
-4535
-4539
-4539
-4541
-4544
-4547
-4549
-4549
-4549
-4551
-4551
-4553
-4559
-4562
-4562
-4563
-4567
-4577
-4578
-4578
-4579
-4580
-4584
-4584
-4588
-4588
-4590
-4591
-4592
-4594
-4597
-4597
-4600
-4604
-4605
-4606
-4606
-4607
-4607
-4608
-4608
-4610
-4610
-4611
-4612
-4614
-4618
-4619
-4624
-4624
-4627
-4631
-4631
-4632
-4636
-4636
-4639
-4639
-4645
-4645
-4649
-4655
-4656
-4657
-4661
-4661
-4663
-4664
-4666
-4667
-4668
-4669
-4669
-4671
-4671
-4672
-4673
-4673
-4675
-4675
-4678
-4679
-4681
-4682
-4684
-4685
-4689
-4689
-4690
-4692
-4692
-4692
-4693
-4695
-4696
-4697
-4698
-4698
-4699
-4700
-4702
-4705
-4706
-4708
-4709
-4710
-4712
-4714
-4720
-4721
-4725
-4726
-4727
-4731
-4731
-4736
-4737
-4740
-4740
-4740
-4741
-4744
-4744
-4745
-4745
-4746
-4747
-4752
-4752
-4753
-4753
-4759
-4763
-4763
-4765
-4765
-4768
-4769
-4777
-4778
-4780
-4780
-4784
-4784
-4784
-4790
-4791
-4793
-4794
-4798
-4802
-4808
-4808
-4810
-4812
-4813
-4817
-4817
-4822
-4823
-4823
-4824
-4825
-4826
-4829
-4829
-4832
-4833
-4836
-4836
-4838
-4840
-4841
-4841
-4846
-4849
-4853
-4854
-4856
-4858
-4860
-4863
-4864
-4869
-4872
-4872
-4873
-4876
-4876
-4880
-4881
-4884
-4884
-4884
-4885
-4885
-4888
-4888
-4890
-4892
-4902
-4903
-4903
-4905
-4906
-4912
-4912
-4912
-4913
-4919
-4920
-4922
-4922
-4928
-4932
-4932
-4933
-4934
-4935
-4938
-4942
-4944
-4945
-4945
-4949
-4950
-4951
-4952
-4954
-4958
-4962
-4964
-4966
-4968
-4972
-4976
-4976
-4977
-4980
-4980
-4981
-4983
-4986
-4986
-4986
-4988
-4991
-4991
-4992
-4992
-4994
-4997
-4998
-5007
-5007
-5007
-5008
-5009
-5009
-5010
-5012
-5012
-5018
-5021
-5022
-5027
-5028
-5031
-5037
-5038
-5039
-5039
-5046
-5046
-5047
-5049
-5051
-5052
-5053
-5053
-5054
-5055
-5061
-5062
-5067
-5068
-5068
-5070
-5073
-5074
-5075
-5075
-5090
-5090
-5090
-5093
-5096
-5098
-5098
-5100
-5100
-5103
-5103
-5104
-5105
-5106
-5108
-5109
-5109
-5110
-5112
-5112
-5113
-5120
-5121
-5123
-5125
-5127
-5128
-5129
-5129
-5131
-5131
-5136
-5141
-5142
-5142
-5146
-5146
-5147
-5148
-5150
-5157
-5158
-5160
-5162
-5164
-5167
-5168
-5168
-5168
-5171
-5172
-5176
-5177
-5185
-5192
-5193
-5193
-5194
-5196
-5199
-5200
-5202
-5207
-5212
-5214
-5214
-5215
-5215
-5219
-5219
-5219
-5219
-5220
-5220
-5221
-5221
-5221
-5226
-5226
-5227
-5228
-5234
-5234
-5238
-5247
-5247
-5248
-5249
-5251
-5255
-5259
-5265
-5265
-5267
-5270
-5271
-5279
-5279
-5280
-5281
-5281
-5283
-5284
-5285
-5288
-5290
-5292
-5296
-5296
-5300
-5302
-5303
-5305
-5305
-5312
-5312
-5323
-5325
-5331
-5334
-5338
-5340
-5343
-5345
-5346
-5349
-5352
-5354
-5354
-5355
-5355
-5355
-5355
-5357
-5359
-5360
-5360
-5365
-5369
-5371
-5376
-5378
-5378
-5379
-5380
-5380
-5382
-5382
-5387
-5388
-5388
-5392
-5393
-5394
-5395
-5395
-5396
-5399
-5403
-5403
-5408
-5410
-5410
-5412
-5414
-5419
-5422
-5423
-5424
-5425
-5426
-5427
-5428
-5430
-5432
-5433
-5437
-5438
-5441
-5445
-5451
-5451
-5453
-5454
-5458
-5459
-5462
-5463
-5463
-5465
-5468
-5468
-5471
-5475
-5483
-5484
-5484
-5484
-5488
-5489
-5489
-5489
-5491
-5494
-5495
-5497
-5498
-5500
-5500
-5501
-5503
-5504
-5510
-5510
-5510
-5516
-5517
-5518
-5519
-5522
-5524
-5526
-5527
-5529
-5530
-5539
-5545
-5551
-5552
-5553
-5555
-5555
-5560
-5560
-5560
-5560
-5560
-5562
-5562
-5563
-5563
-5566
-5566
-5569
-5570
-5572
-5578
-5579
-5579
-5583
-5586
-5588
-5596
-5597
-5601
-5602
-5604
-5607
-5609
-5609
-5610
-5611
-5614
-5614
-5614
-5619
-5620
-5623
-5624
-5625
-5628
-5632
-5635
-5635
-5638
-5639
-5639
-5640
-5641
-5642
-5643
-5645
-5646
-5649
-5659
-5660
-5661
-5661
-5662
-5663
-5665
-5665
-5667
-5668
-5671
-5672
-5672
-5676
-5677
-5678
-5679
-5680
-5681
-5681
-5683
-5684
-5686
-5693
-5695
-5697
-5701
-5702
-5702
-5704
-5706
-5708
-5710
-5717
-5719
-5719
-5722
-5722
-5722
-5726
-5727
-5728
-5730
-5734
-5736
-5738
-5738
-5739
-5740
-5740
-5740
-5742
-5745
-5746
-5746
-5749
-5750
-5752
-5753
-5758
-5758
-5764
-5765
-5766
-5769
-5769
-5770
-5773
-5777
-5787
-5789
-5790
-5791
-5792
-5793
-5793
-5795
-5796
-5799
-5799
-5800
-5801
-5803
-5804
-5807
-5807
-5808
-5808
-5809
-5811
-5812
-5816
-5817
-5819
-5821
-5824
-5824
-5824
-5824
-5826
-5828
-5829
-5829
-5833
-5834
-5834
-5836
-5837
-5837
-5838
-5839
-5840
-5843
-5845
-5848
-5848
-5849
-5850
-5850
-5851
-5854
-5854
-5854
-5856
-5857
-5859
-5860
-5861
-5861
-5865
-5866
-5870
-5870
-5871
-5874
-5874
-5875
-5875
-5879
-5883
-5885
-5886
-5888
-5889
-5893
-5894
-5896
-5898
-5900
-5902
-5905
-5905
-5908
-5909
-5909
-5909
-5910
-5911
-5912
-5913
-5915
-5923
-5925
-5926
-5930
-5936
-5943
-5948
-5950
-5953
-5955
-5956
-5956
-5959
-5961
-5962
-5963
-5965
-5969
-5970
-5972
-5976
-5977
-5979
-5981
-5982
-5986
-5986
-5987
-5989
-5995
-5997
-5998
-5999
-6001
-6003
-6005
-6009
-6014
-6014
-6015
-6016
-6018
-6020
-6030
-6031
-6036
-6040
-6042
-6042
-6042
-6045
-6046
-6047
-6049
-6051
-6051
-6054
-6056
-6056
-6060
-6061
-6061
-6063
-6067
-6069
-6069
-6070
-6071
-6076
-6078
-6078
-6079
-6082
-6083
-6084
-6084
-6084
-6086
-6088
-6094
-6096
-6097
-6097
-6097
-6099
-6100
-6103
-6105
-6111
-6116
-6119
-6119
-6120
-6127
-6131
-6134
-6139
-6140
-6140
-6145
-6146
-6148
-6148
-6149
-6153
-6164
-6165
-6166
-6167
-6168
-6174
-6176
-6182
-6185
-6188
-6191
-6191
-6192
-6192
-6193
-6193
-6196
-6199
-6204
-6209
-6209
-6215
-6219
-6220
-6222
-6222
-6222
-6223
-6223
-6224
-6225
-6226
-6231
-6236
-6241
-6243
-6244
-6245
-6247
-6248
-6250
-6252
-6255
-6259
-6259
-6260
-6262
-6263
-6271
-6272
-6273
-6273
-6275
-6279
-6281
-6283
-6284
-6287
-6291
-6291
-6293
-6294
-6297
-6297
-6299
-6303
-6307
-6307
-6309
-6311
-6320
-6320
-6328
-6333
-6334
-6337
-6344
-6352
-6355
-6363
-6364
-6369
-6369
-6369
-6371
-6373
-6375
-6378
-6379
-6381
-6383
-6383
-6385
-6386
-6388
-6389
-6390
-6393
-6398
-6398
-6398
-6400
-6400
-6406
-6408
-6409
-6409
-6411
-6416
-6418
-6419
-6424
-6425
-6427
-6430
-6434
-6434
-6438
-6441
-6444
-6449
-6451
-6455
-6457
-6459
-6460
-6461
-6464
-6468
-6474
-6477
-6477
-6480
-6483
-6491
-6496
-6501
-6503
-6503
-6506
-6507
-6508
-6510
-6510
-6511
-6512
-6512
-6514
-6515
-6521
-6521
-6523
-6524
-6529
-6531
-6531
-6532
-6533
-6534
-6537
-6538
-6543
-6543
-6543
-6545
-6549
-6550
-6550
-6552
-6552
-6552
-6555
-6556
-6557
-6560
-6562
-6564
-6571
-6572
-6575
-6583
-6584
-6584
-6585
-6587
-6589
-6590
-6592
-6596
-6596
-6596
-6597
-6597
-6598
-6601
-6602
-6602
-6603
-6604
-6608
-6610
-6611
-6615
-6616
-6617
-6623
-6625
-6628
-6628
-6628
-6630
-6631
-6634
-6635
-6644
-6649
-6653
-6653
-6658
-6659
-6665
-6672
-6675
-6675
-6675
-6676
-6676
-6677
-6679
-6682
-6684
-6685
-6685
-6686
-6688
-6690
-6690
-6696
-6696
-6699
-6700
-6701
-6702
-6704
-6704
-6708
-6708
-6708
-6710
-6710
-6712
-6714
-6719
-6723
-6727
-6728
-6729
-6732
-6736
-6736
-6740
-6741
-6742
-6744
-6747
-6748
-6748
-6748
-6749
-6749
-6750
-6755
-6758
-6760
-6760
-6767
-6771
-6771
-6774
-6775
-6775
-6776
-6781
-6782
-6784
-6786
-6787
-6787
-6790
-6791
-6792
-6793
-6794
-6795
-6797
-6803
-6805
-6805
-6806
-6809
-6812
-6812
-6815
-6820
-6822
-6822
-6824
-6824
-6825
-6827
-6832
-6833
-6838
-6841
-6841
-6842
-6844
-6845
-6847
-6850
-6851
-6853
-6855
-6859
-6860
-6861
-6861
-6861
-6863
-6864
-6865
-6866
-6866
-6866
-6866
-6867
-6867
-6869
-6872
-6876
-6879
-6880
-6881
-6883
-6889
-6889
-6890
-6895
-6896
-6896
-6901
-6902
-6903
-6904
-6905
-6908
-6913
-6914
-6915
-6915
-6916
-6917
-6918
-6919
-6922
-6922
-6924
-6926
-6928
-6935
-6939
-6940
-6941
-6944
-6945
-6945
-6947
-6953
-6954
-6954
-6954
-6959
-6961
-6961
-6967
-6971
-6972
-6972
-6973
-6976
-6978
-6985
-6986
-6988
-6990
-6991
-6992
-6998
-7003
-7004
-7004
-7005
-7007
-7007
-7011
-7011
-7011
-7016
-7021
-7021
-7021
-7023
-7023
-7029
-7036
-7036
-7036
-7036
-7039
-7040
-7043
-7045
-7045
-7045
-7046
-7047
-7051
-7052
-7057
-7060
-7062
-7063
-7067
-7067
-7068
-7070
-7070
-7072
-7072
-7074
-7074
-7075
-7076
-7079
-7081
-7082
-7085
-7085
-7086
-7087
-7090
-7091
-7093
-7093
-7093
-7094
-7095
-7096
-7098
-7101
-7102
-7103
-7104
-7110
-7116
-7117
-7118
-7120
-7120
-7121
-7122
-7128
-7129
-7130
-7130
-7131
-7131
-7131
-7132
-7135
-7136
-7136
-7140
-7141
-7143
-7147
-7148
-7149
-7150
-7151
-7152
-7154
-7156
-7158
-7159
-7161
-7163
-7164
-7165
-7167
-7169
-7170
-7171
-7171
-7172
-7174
-7174
-7176
-7178
-7179
-7182
-7184
-7185
-7185
-7186
-7188
-7188
-7189
-7189
-7192
-7194
-7195
-7198
-7198
-7200
-7200
-7201
-7204
-7206
-7206
-7208
-7210
-7210
-7213
-7214
-7218
-7218
-7225
-7226
-7226
-7231
-7231
-7236
-7239
-7244
-7245
-7245
-7250
-7253
-7257
-7262
-7262
-7264
-7265
-7268
-7268
-7271
-7272
-7272
-7275
-7275
-7277
-7278
-7279
-7279
-7284
-7288
-7288
-7291
-7291
-7292
-7295
-7301
-7303
-7304
-7305
-7307
-7309
-7313
-7318
-7318
-7322
-7322
-7324
-7325
-7327
-7327
-7327
-7328
-7329
-7330
-7331
-7333
-7333
-7333
-7334
-7334
-7336
-7337
-7339
-7339
-7341
-7347
-7348
-7348
-7349
-7350
-7352
-7352
-7355
-7356
-7361
-7362
-7368
-7373
-7378
-7388
-7389
-7396
-7397
-7403
-7404
-7407
-7408
-7412
-7416
-7420
-7423
-7424
-7425
-7426
-7426
-7433
-7434
-7437
-7439
-7439
-7439
-7444
-7445
-7446
-7448
-7455
-7458
-7459
-7463
-7465
-7466
-7471
-7473
-7473
-7477
-7478
-7480
-7482
-7488
-7489
-7490
-7492
-7494
-7494
-7495
-7496
-7498
-7500
-7500
-7501
-7502
-7503
-7505
-7505
-7507
-7508
-7510
-7511
-7514
-7519
-7521
-7524
-7525
-7525
-7528
-7528
-7537
-7538
-7543
-7543
-7545
-7549
-7553
-7553
-7556
-7557
-7558
-7559
-7561
-7563
-7565
-7568
-7570
-7576
-7577
-7580
-7580
-7583
-7584
-7584
-7588
-7589
-7592
-7594
-7595
-7596
-7598
-7600
-7601
-7602
-7605
-7606
-7607
-7610
-7614
-7616
-7616
-7617
-7617
-7618
-7619
-7622
-7627
-7627
-7629
-7629
-7640
-7643
-7645
-7649
-7650
-7650
-7650
-7650
-7654
-7654
-7655
-7655
-7657
-7662
-7662
-7663
-7663
-7666
-7670
-7672
-7672
-7673
-7674
-7674
-7675
-7675
-7677
-7680
-7681
-7685
-7685
-7685
-7688
-7690
-7692
-7697
-7699
-7702
-7704
-7705
-7707
-7708
-7717
-7718
-7719
-7719
-7721
-7723
-7729
-7729
-7730
-7731
-7731
-7732
-7734
-7738
-7738
-7739
-7741
-7742
-7746
-7746
-7747
-7747
-7747
-7749
-7751
-7755
-7756
-7761
-7761
-7762
-7763
-7763
-7765
-7766
-7769
-7770
-7772
-7774
-7776
-7780
-7784
-7786
-7787
-7789
-7796
-7798
-7798
-7801
-7801
-7803
-7803
-7804
-7805
-7809
-7810
-7810
-7814
-7814
-7819
-7821
-7824
-7826
-7828
-7833
-7833
-7833
-7834
-7836
-7839
-7840
-7840
-7841
-7841
-7849
-7849
-7849
-7850
-7855
-7856
-7858
-7864
-7867
-7868
-7871
-7875
-7875
-7876
-7878
-7880
-7880
-7880
-7884
-7885
-7887
-7889
-7889
-7890
-7893
-7893
-7894
-7895
-7896
-7897
-7899
-7900
-7901
-7902
-7903
-7904
-7905
-7906
-7906
-7906
-7907
-7910
-7920
-7921
-7922
-7922
-7924
-7924
-7925
-7928
-7932
-7934
-7942
-7945
-7946
-7946
-7946
-7947
-7949
-7953
-7953
-7954
-7957
-7961
-7963
-7973
-7974
-7977
-7985
-7989
-7989
-7991
-7995
-7995
-7996
-7997
-7999
-8000
-8000
-8003
-8004
-8010
-8011
-8014
-8014
-8015
-8015
-8020
-8035
-8040
-8046
-8046
-8048
-8052
-8053
-8054
-8055
-8057
-8057
-8062
-8063
-8065
-8066
-8069
-8070
-8070
-8072
-8072
-8075
-8078
-8087
-8089
-8093
-8097
-8099
-8101
-8103
-8105
-8107
-8109
-8109
-8114
-8116
-8117
-8118
-8118
-8119
-8120
-8120
-8122
-8125
-8128
-8129
-8131
-8134
-8135
-8137
-8138
-8147
-8149
-8150
-8151
-8153
-8153
-8154
-8155
-8156
-8159
-8160
-8163
-8164
-8165
-8167
-8168
-8170
-8171
-8176
-8177
-8177
-8179
-8179
-8183
-8183
-8188
-8188
-8191
-8195
-8197
-8197
-8197
-8201
-8201
-8207
-8208
-8208
-8217
-8218
-8221
-8222
-8223
-8224
-8227
-8230
-8233
-8234
-8236
-8237
-8243
-8243
-8245
-8247
-8249
-8249
-8250
-8253
-8254
-8254
-8256
-8259
-8261
-8263
-8263
-8267
-8268
-8268
-8268
-8269
-8269
-8270
-8270
-8270
-8272
-8273
-8274
-8286
-8287
-8287
-8289
-8290
-8290
-8293
-8297
-8299
-8299
-8300
-8302
-8303
-8306
-8306
-8306
-8307
-8309
-8310
-8312
-8312
-8313
-8317
-8321
-8323
-8324
-8325
-8330
-8330
-8332
-8335
-8336
-8339
-8340
-8340
-8340
-8342
-8343
-8344
-8350
-8351
-8352
-8354
-8354
-8354
-8355
-8356
-8356
-8357
-8363
-8364
-8364
-8368
-8379
-8381
-8382
-8382
-8385
-8386
-8389
-8389
-8389
-8392
-8392
-8393
-8393
-8395
-8399
-8400
-8401
-8402
-8403
-8403
-8406
-8407
-8407
-8409
-8417
-8418
-8419
-8422
-8423
-8425
-8428
-8429
-8431
-8437
-8439
-8439
-8443
-8444
-8445
-8448
-8449
-8449
-8453
-8454
-8454
-8456
-8459
-8460
-8462
-8463
-8463
-8464
-8464
-8469
-8470
-8470
-8471
-8472
-8476
-8477
-8478
-8478
-8479
-8480
-8481
-8481
-8483
-8488
-8491
-8495
-8498
-8499
-8502
-8503
-8504
-8505
-8505
-8512
-8514
-8516
-8517
-8518
-8519
-8522
-8524
-8527
-8528
-8534
-8535
-8536
-8536
-8538
-8541
-8545
-8550
-8554
-8567
-8568
-8568
-8572
-8573
-8573
-8575
-8575
-8578
-8583
-8584
-8586
-8586
-8587
-8594
-8594
-8594
-8597
-8600
-8601
-8603
-8603
-8605
-8610
-8614
-8615
-8619
-8620
-8622
-8622
-8622
-8623
-8623
-8624
-8624
-8627
-8628
-8629
-8630
-8630
-8631
-8631
-8632
-8636
-8636
-8636
-8636
-8637
-8640
-8640
-8643
-8645
-8647
-8649
-8650
-8658
-8659
-8659
-8660
-8663
-8666
-8669
-8672
-8673
-8674
-8675
-8677
-8678
-8678
-8679
-8679
-8679
-8680
-8683
-8683
-8683
-8684
-8692
-8692
-8692
-8701
-8702
-8702
-8704
-8707
-8708
-8710
-8710
-8713
-8714
-8715
-8720
-8721
-8721
-8722
-8725
-8728
-8729
-8733
-8733
-8738
-8739
-8743
-8745
-8746
-8748
-8748
-8752
-8755
-8758
-8762
-8763
-8769
-8769
-8770
-8772
-8776
-8778
-8781
-8781
-8781
-8782
-8783
-8785
-8785
-8786
-8787
-8787
-8789
-8791
-8796
-8798
-8799
-8799
-8801
-8804
-8804
-8805
-8806
-8806
-8811
-8811
-8816
-8819
-8820
-8824
-8829
-8832
-8834
-8834
-8835
-8837
-8846
-8847
-8850
-8851
-8853
-8856
-8859
-8861
-8861
-8863
-8863
-8863
-8864
-8865
-8866
-8868
-8868
-8875
-8879
-8882
-8882
-8882
-8883
-8885
-8887
-8888
-8892
-8899
-8899
-8902
-8903
-8905
-8906
-8909
-8910
-8911
-8912
-8913
-8917
-8917
-8918
-8920
-8921
-8922
-8924
-8925
-8926
-8927
-8931
-8932
-8935
-8938
-8938
-8939
-8941
-8941
-8943
-8950
-8953
-8958
-8958
-8958
-8961
-8963
-8964
-8965
-8966
-8967
-8968
-8969
-8971
-8973
-8974
-8974
-8975
-8977
-8977
-8977
-8983
-8984
-8988
-8997
-8997
-8998
-8998
-9002
-9005
-9006
-9006
-9007
-9008
-9008
-9014
-9015
-9017
-9018
-9020
-9021
-9022
-9024
-9031
-9032
-9037
-9037
-9042
-9045
-9045
-9046
-9047
-9049
-9051
-9051
-9052
-9055
-9056
-9057
-9062
-9063
-9064
-9064
-9072
-9076
-9077
-9077
-9082
-9086
-9099
-9100
-9100
-9101
-9102
-9103
-9105
-9106
-9106
-9106
-9107
-9110
-9112
-9114
-9115
-9115
-9118
-9119
-9124
-9124
-9125
-9128
-9131
-9135
-9135
-9136
-9137
-9138
-9141
-9144
-9144
-9144
-9147
-9149
-9153
-9154
-9154
-9155
-9156
-9156
-9156
-9157
-9157
-9160
-9161
-9163
-9163
-9166
-9168
-9168
-9169
-9170
-9175
-9176
-9177
-9184
-9184
-9185
-9185
-9190
-9193
-9196
-9196
-9198
-9205
-9205
-9208
-9208
-9208
-9209
-9210
-9214
-9219
-9220
-9222
-9223
-9226
-9227
-9228
-9229
-9230
-9237
-9237
-9238
-9238
-9241
-9244
-9247
-9247
-9249
-9253
-9254
-9255
-9257
-9259
-9261
-9263
-9263
-9264
-9266
-9271
-9271
-9274
-9275
-9277
-9279
-9280
-9282
-9282
-9285
-9287
-9288
-9291
-9293
-9293
-9294
-9294
-9296
-9299
-9300
-9302
-9303
-9306
-9308
-9308
-9310
-9311
-9316
-9317
-9320
-9323
-9326
-9326
-9328
-9328
-9335
-9336
-9337
-9341
-9344
-9345
-9347
-9349
-9350
-9352
-9353
-9360
-9367
-9367
-9373
-9378
-9380
-9384
-9384
-9384
-9385
-9388
-9388
-9388
-9389
-9390
-9393
-9397
-9398
-9399
-9400
-9411
-9413
-9413
-9415
-9418
-9419
-9420
-9420
-9422
-9422
-9424
-9425
-9427
-9427
-9427
-9430
-9433
-9434
-9434
-9434
-9435
-9440
-9444
-9445
-9449
-9449
-9449
-9450
-9454
-9458
-9458
-9460
-9462
-9462
-9463
-9467
-9467
-9468
-9468
-9470
-9471
-9474
-9474
-9479
-9480
-9480
-9482
-9482
-9484
-9492
-9497
-9498
-9500
-9501
-9501
-9508
-9509
-9510
-9511
-9513
-9513
-9515
-9517
-9517
-9518
-9521
-9523
-9523
-9528
-9530
-9532
-9533
-9537
-9538
-9541
-9545
-9548
-9550
-9550
-9550
-9551
-9553
-9553
-9557
-9561
-9568
-9568
-9569
-9576
-9579
-9583
-9583
-9586
-9588
-9588
-9589
-9590
-9590
-9592
-9597
-9599
-9599
-9605
-9606
-9614
-9615
-9615
-9616
-9617
-9617
-9618
-9620
-9621
-9623
-9625
-9632
-9632
-9639
-9644
-9645
-9646
-9647
-9649
-9651
-9656
-9657
-9659
-9660
-9661
-9663
-9663
-9665
-9668
-9673
-9673
-9674
-9675
-9676
-9684
-9685
-9688
-9688
-9692
-9692
-9692
-9695
-9696
-9698
-9701
-9702
-9706
-9706
-9706
-9708
-9713
-9714
-9716
-9716
-9718
-9721
-9722
-9725
-9727
-9728
-9728
-9730
-9730
-9732
-9734
-9737
-9740
-9741
-9748
-9754
-9754
-9755
-9760
-9762
-9766
-9773
-9773
-9774
-9778
-9779
-9779
-9781
-9784
-9785
-9786
-9786
-9787
-9788
-9791
-9792
-9792
-9796
-9798
-9800
-9800
-9802
-9802
-9809
-9809
-9813
-9813
-9815
-9816
-9823
-9824
-9825
-9826
-9827
-9828
-9828
-9830
-9833
-9834
-9834
-9835
-9837
-9838
-9840
-9841
-9843
-9844
-9851
-9852
-9854
-9855
-9859
-9859
-9861
-9868
-9868
-9872
-9875
-9878
-9879
-9880
-9886
-9887
-9888
-9889
-9889
-9891
-9894
-9900
-9901
-9902
-9905
-9905
-9906
-9908
-9912
-9912
-9913
-9913
-9914
-9920
-9924
-9925
-9926
-9927
-9931
-9932
-9935
-9939
-9940
-9942
-9944
-9951
-9954
-9962
-9964
-9965
-9969
-9973
-9976
-9978
-9981
-9983
-9985
-9985
-9986
-9987
-9987
-9988
-9989
-9989
-9991
-9994
-9995
-9995
-9996
-9997
-9998
-9998
-10000
