10000
-77
-991
1734
-4210
7912
2036
-5517
4005
4316
-8748
-6967
8067
7651
277
-7471
2059
-7594
6549
-6320
6191
4778
6274
-4636
325
-5740
-7769
6841
-4186
9160
2175
9676
-918
-5096
1409
8593
-7185
-2835
-6924
-9460
-8519
-1951
-6427
-6732
-4301
3851
-4203
7759
9978
-3933
-4841
6168
-9156
-8568
-8469
4890
-4308
-2517
1730
5228
-3358
-2375
4903
5725
2530
33
8038
9066
7198
-8887
9607
-7601
2884
-3100
-4333
8583
-5529
5186
-9939
-5552
-8748
-1059
-9385
-7904
374
-4132
-9294
9787
3351
2436
8735
9994
-6219
3638
9439
-9969
-2609
-8804
9098
-1691
-7690
8704
709
8915
-676
6376
-8783
3796
5282
-8721
8244
6534
3941
-7420
-7650
-5686
2169
-6944
-2178
-760
9213
-3444
2954
-3285
-6086
2392
-3254
1305
3589
-4157
9615
9620
-1733
4044
8534
7592
419
-6529
5108
-578
-1529
7072
-4045
-7588
-6628
2027
447
5541
8804
8269
-5219
-8263
-1454
7735
-1548
2460
3848
5198
-2514
1157
-5238
821
4497
3029
-5136
6751
4341
9004
-9779
3169
-1575
-1307
241
4381
1105
7334
128
-8449
2875
-1069
-6459
-8624
668
2087
-7169
9120
-5454
6679
8039
5753
1556
-7200
-3427
-3948
9550
1437
-7198
7612
441
-6976
780
8866
1717
-5259
6967
-3458
-7925
-2906
-1907
8671
9747
1634
-9954
414
-2559
-3402
3255
1988
-3002
1293
-2260
8554
7814
8035
-1673
7363
-529
1129
8695
9912
4153
-525
-7502
-410
7937
-6815
6132
-9989
4001
-2054
-7598
3747
-6700
-3831
-5840
742
2768
-8865
-3550
9766
2428
7911
-7961
3962
5945
366
5046
-4584
-8505
3740
-952
9369
-3065
5267
2680
-5128
8453
2532
-1396
2453
-9523
1007
-80
-6222
7176
4080
8241
3664
8937
-1589
7150
5085
-3679
9190
-953
-4013
3276
-5908
1403
8492
-8448
-5829
7861
-1512
-6841
4261
7081
-8389
-3208
-4316
7785
-2730
-9589
-2296
4769
-8692
-4496
6730
8693
-5560
-4860
5843
9526
1461
8753
2293
7448
2028
6385
2571
520
-8343
-9537
2101
145
-6378
82
-2775
-1046
6874
6631
-3262
-2136
-9238
4442
-7368
-4209
-6334
-6918
-5516
-1893
-1778
-5953
1353
-6596
-7201
-2634
-5428
8548
-2529
-9136
-933
-872
-4952
-5112
9274
-1330
4970
219
7624
5565
570
-1918
-6572
5054
-3756
-218
-9156
-90
2864
-4672
-8263
-5193
-625
6811
1932
5895
-5824
6504
4443
1647
-8912
-2770
-5504
-3864
5840
-6231
8527
809
7709
9871
-3627
2000
1673
3523
-2947
7917
-6696
-2103
1548
9889
6947
7006
-5305
42
7538
6627
-4063
-8287
6852
-9621
7082
-8340
-2391
-4702
1518
-6552
2788
44
7979
496
3636
-1928
-7505
-4692
-4685
3269
-6775
-1381
-8834
8494
2229
-8167
5499
6924
1875
3036
7272
7812
8471
7844
-8089
9273
9504
3242
-5430
1021
-9590
-8922
-5214
8389
1574
8422
182
7791
-6271
5497
1059
675
-2163
5946
2889
-9935
7779
-1612
-9291
-346
-4856
-8299
1186
-2665
9545
3098
328
-7231
-3661
8619
7511
-3251
9697
-7704
-1141
4992
-5562
-7239
6503
1889
8258
-2439
-3716
-185
-2772
9174
-120
-1273
1282
4311
-7899
6426
6012
3288
-2518
5557
106
-8470
-7954
-9835
-9851
9557
635
-6434
-4426
-6786
8558
3733
-4025
5060
-4379
-2046
-3658
1906
7769
3570
4800
1370
-3983
-3919
-4320
-1881
-3773
-8309
-4873
7430
-9032
5233
8961
-6986
9119
9110
-3708
-247
-7325
1866
2968
-5046
-681
8943
-9987
4941
617
-3645
567
-1614
-6355
-913
9756
3384
5168
-844
-8498
-4885
4568
-3371
-7455
5537
-4418
-8495
-7729
-5300
-5665
-1437
8174
731
-5851
1141
5685
3469
3805
9420
2130
-5579
-505
-3583
6528
6862
5504
-9997
245
4392
-841
5468
9507
-6273
-4183
-7949
-7016
1399
-2723
-4745
9820
1612
7540
-8287
-3936
-8312
2855
-4531
8878
380
-5112
4728
8522
8105
-8856
5050
4966
-9632
5053
-1069
4760
-2067
-5602
7988
5381
215
-9962
8365
-4666
1037
-2660
-1126
-7352
-5121
587
2433
289
-2838
7903
-834
7542
-7210
-2385
9785
-9106
-1241
4834
9581
2849
3607
-1489
-2392
-4740
6630
-684
-9360
-3156
3076
-7275
5899
-5888
3787
-5228
-3240
8666
9081
-7086
-1046
-3758
-9184
-8159
-2495
-2673
-544
-2711
-1778
-8065
-4157
1523
4784
9450
-6245
-3887
-5290
-9616
9150
-929
-2771
2225
5518
-3152
6337
-696
1621
-3182
1690
4422
-268
-5635
-9337
548
-3794
-1832
7875
9383
9178
-183
-4962
-4980
-8660
-6457
-1809
-4905
3377
6622
-4521
2526
-4308
6429
-5249
-5070
-6723
-8913
4234
8619
-2095
-4076
3040
7637
4010
7424
-1816
-9785
-687
-220
-6682
-1510
9597
2077
7232
-5343
5620
-4578
3473
-1004
-7957
-7327
-8478
1456
9102
-3727
6387
-3901
-2640
4341
-1562
5266
-6015
-4802
6623
7995
-7378
-5193
-8070
5656
4587
-4752
-2134
7904
7326
-4903
-7439
2945
519
6034
-4338
6283
8707
-2816
-2261
-8471
3457
-2154
1349
-5463
-7814
9788
-6477
-3828
-1294
-9854
-5834
1328
-5047
-3903
704
-6740
5066
8571
-8837
2391
-6333
-2555
-943
7908
-6521
4719
4190
-4094
-4377
-8072
-2565
-7200
-226
-7495
-2663
5682
-7708
861
-8147
998
1007
-260
-3953
9681
5837
6751
-7060
4624
5321
-2176
735
-7291
8991
9792
-9384
-3810
8231
4806
2096
-2426
-9545
-6748
374
3950
-4243
7712
-369
1770
-1428
5205
-3512
-6701
-5055
2535
-7021
-5498
3007
-360
9126
2048
-8816
-139
4757
-9826
3373
5373
-3636
5325
3900
-7819
-7102
4355
-4567
3273
-1696
1190
4705
-8344
-3320
-3003
6861
3168
296
-4474
-576
6996
29
-7570
-3365
2875
8199
1540
-7265
2956
1715
9830
2049
-8201
5154
-4052
-6020
8052
-9698
-587
5045
2328
-5677
-251
7705
4724
6746
4565
-2108
762
-6188
7316
-2243
3841
-6534
8113
-3285
-8336
-347
3172
8341
-4912
3001
390
-3113
-1846
-9942
868
-74
-9639
-5999
-1308
6410
2046
8441
4114
-3231
8908
2399
8382
-331
6211
9418
-8853
3772
-7117
9260
-9513
-1731
-1088
7380
330
4000
380
-5560
-5392
-7746
-5501
5476
5901
-1419
-6803
-5408
-1289
5243
-3246
-7176
-4267
-4339
8944
-5886
9051
5155
-2747
-6082
-1074
3857
-6822
3134
-7875
5811
513
6177
-189
-5387
-9384
8140
588
-1164
3615
-3511
-8863
-9468
1081
-152
9497
-8445
2672
-1050
937
1616
3064
-12
491
-9684
3906
9417
4174
-9196
6272
-9981
6616
-3216
9917
147
5119
-5746
-1714
-4294
3090
-4379
2195
4228
-3847
-3003
-5925
-630
-1448
-9532
8320
-6790
5805
5105
3198
16
9142
824
3153
3315
1629
-576
7056
1965
9930
-9308
-7889
5048
-5054
397
-9247
-8243
9739
6670
9706
-4109
-2613
-2499
8983
9660
1690
7302
-7131
1215
2406
9788
-8770
1548
612
4384
-1417
-4039
-2472
-641
-8354
-2543
52
-6243
-7496
8719
7875
-3021
-5804
7613
-6352
-6099
-2776
1035
1403
-73
694
-3187
-2771
3564
8029
9635
3351
-7021
4903
-2317
7363
-6514
7365
-5109
2845
9011
6069
-3383
-3512
8574
-4664
-5638
-4448
-468
-4305
2921
7155
6641
-6045
2278
-3433
4649
9091
7517
1933
7119
7152
-995
-9902
5775
-9592
-8819
9261
7774
-207
5827
6784
-4138
-7557
-6728
-1844
1500
1355
3708
-5247
-9229
-3372
-8093
-8868
4304
4185
1420
2673
3275
-1063
-5394
4115
-191
7332
7934
-4417
7740
-7165
-1435
5513
2629
-5609
6018
-7789
555
-6990
367
-7945
8086
-2205
-3192
-7423
4423
2436
-6291
2447
-3380
8851
-4881
-6385
-2213
3446
-8550
-8684
777
9384
620
-1483
-4060
9185
-2250
8569
-2704
-2512
-5500
7852
498
4867
-6373
-1416
-7339
4156
1161
-9196
-3409
8592
3251
3211
7442
-7910
-9454
-1051
5537
-8003
265
-3687
-8620
-5395
8551
1041
-2489
22
-391
4807
7510
7830
6379
1729
2696
-9995
-9688
9078
4161
5194
-6398
-9249
7506
-9427
7683
4947
-7336
8230
-2384
8201
-9774
-8399
-1766
-4673
-3793
506
6369
3718
-5752
-302
2245
-8243
-2472
-1376
3486
-6056
2350
7519
-3257
232
6434
345
983
3939
919
2387
2607
3583
616
-9778
5504
4563
-8176
-2542
-6390
1752
7964
9979
-4531
-4068
3398
7714
-2310
-5354
58
-5104
2311
-7592
-3864
9054
2640
-3710
-601
-2657
-6051
-5962
-6550
6556
-8659
4066
-9501
6845
2349
-7677
-1977
5960
4075
-292
9659
-6736
5640
3056
-5302
-2950
-8578
4757
1947
3734
-9115
-8197
2787
7246
1814
-4094
-1691
5763
-56
1760
2319
1285
-454
2818
1850
-4384
8862
9874
-8425
6657
-419
-5046
9921
-4780
-8269
-5382
2271
-6847
-6905
-2062
6887
-2299
3462
3395
-1333
-4725
9301
-9303
-8963
2966
6178
7077
-2029
-556
3615
9822
5060
2476
-6585
-9645
2853
6717
-4690
2773
-4343
-2959
-8888
7928
194
-2072
-414
802
9351
-3232
-2083
-1983
2043
-2783
2435
6802
-6097
-1388
3878
1875
8057
1214
5417
3116
-6311
8832
3472
6543
9269
-7498
3036
-5075
-457
7869
-3426
-6543
-4203
6160
7980
-4853
-7072
-4104
6885
8692
6835
-680
5493
-9263
7932
3092
6333
5988
-5695
1749
2825
1715
4301
17
1978
3569
2519
-4986
8495
-4218
-7118
-4932
2960
2400
-5052
940
7547
1597
-9444
8153
289
7391
-2528
-498
8129
-4597
-7407
4461
-4888
619
-69
7937
-7666
-5769
-2047
4312
-8479
-5808
-6954
-9985
-26
-350
-1196
-7067
-4230
7473
7594
-2962
-930
8151
-4810
9359
5541
2662
-1140
7390
8065
5175
5572
-3103
-4207
-4498
-5167
-1873
3454
6507
-3840
4975
-9302
2927
8711
672
-3703
1235
7327
5789
-1292
4920
-7174
7778
6791
-1984
-9144
2332
-9323
-284
3442
-7538
-5110
-987
-640
4405
8236
7914
-3748
5411
4421
2412
4106
5119
-940
6538
-488
9078
-2228
-3162
4866
-9800
-4522
7692
7978
-7731
-572
-7446
8322
105
2271
1763
6289
-9119
-5503
-631
9007
-7268
-2718
-4741
-8137
-4577
7671
5970
-9458
451
2507
3775
3250
-9722
-9388
-1885
-5800
-3910
-472
-4102
2080
8956
-1547
401
2782
-9277
-7836
2791
-4675
-3339
-7841
-5668
3114
3162
-409
4978
8586
982
947
-7152
-4846
-2826
6623
8404
1173
-9045
239
5373
766
9767
-8729
-7154
8723
-276
3247
1504
4168
9132
-5706
-6787
-487
174
-2455
-3652
-6665
-9144
-8675
-4359
5560
5993
2210
-9287
-3113
-1168
-7163
8060
3508
3076
3433
-5726
2843
8425
841
5286
-1852
-2192
510
-7685
-3060
8525
-751
-9827
-1302
6795
-3479
5754
-8629
1567
-8605
6931
-2441
3605
-8636
4446
-3842
-2078
6227
9666
-9002
-341
-2340
3841
-1917
8501
2847
9952
30
-6644
-4013
-9310
-8120
5236
-9137
578
5751
-2615
-3669
7123
8952
1447
7774
232
-1227
-7141
-1602
8652
781
-5376
-7963
1779
8004
-302
-660
-3914
1919
-7814
-242
-8052
-737
5745
-7362
1143
4702
-2777
-4559
452
4608
5494
1295
7280
-3060
2790
1232
9434
5649
9631
8085
150
-5746
-9878
-4350
-7742
3541
4990
2065
-820
-9103
-4456
1129
3881
-4991
7488
-4976
9711
-1569
465
3884
-3241
-4042
-4822
-5961
6620
-8312
5271
6053
-8943
8622
7859
1208
-3403
-8299
6858
2576
5242
5568
-5360
-5579
-9815
3905
9271
4067
8915
-9521
-7189
-7655
-1090
3276
6229
9391
-7045
-4872
-6571
9575
-3184
-7580
9348
-2126
-8958
7206
-7198
-2361
-7373
9660
-9786
7869
8948
-1425
-3989
9134
-3799
-998
6921
-4885
3202
9732
-2540
-4167
6728
-2590
-4777
9683
2538
2373
-7023
-6926
4793
-7675
4669
9556
-6749
7471
-2806
-4121
7130
1129
-2532
9799
-6575
3479
-7348
-374
-3798
9573
8462
9404
9304
-358
-1043
9752
7052
4180
9435
3310
-3448
-7589
6385
-4934
-1543
1053
-5379
5430
-1476
5537
-8692
-626
386
-1224
2893
3811
-4024
5545
-2843
5899
5117
-4382
5302
8141
5261
-2020
7893
6033
-4120
-8953
-657
2433
-2821
-552
-8781
9358
-9500
-4160
4787
2745
-4903
6095
-4160
5484
-1409
8733
3015
4567
4278
-9828
465
3115
-489
-512
1256
-1508
7468
2869
-5475
-6653
3916
7589
9501
-5185
-2964
-5560
-5828
1257
281
8959
-5998
9099
5053
3563
4582
-2635
2295
1318
-8069
293
1490
6118
-6592
-5279
-674
8385
3214
514
1253
-8541
7582
-1111
9048
7083
3704
-3917
-8478
-8403
7340
5524
-9445
-4938
4623
9330
8625
2925
-3306
4641
-5758
2346
-5067
9453
2184
-1659
-5826
-8491
-3275
-8892
2023
-8302
-7433
-395
587
-8386
408
-1988
1418
5651
3330
2478
1175
7606
-8739
-482
-9345
9886
-3837
-2651
8247
406
-6584
-6820
-142
5600
5242
7753
-9170
-4312
8861
2853
-2614
-8573
-7543
-8306
-3238
2865
-294
8180
-1484
-3244
4379
-6589
-5639
5640
6650
-4983
9246
-7188
6087
7493
3218
9503
-5607
-3203
8824
9635
-5451
9654
-957
-2869
6227
6430
-1442
8685
8124
9042
5270
1550
7221
-2494
8306
5320
917
-7334
4680
-2434
-2317
3926
379
-2509
5139
-2683
-3007
-6748
7835
-463
-3393
-7616
2911
5651
3236
-862
2080
-8207
1543
3924
-9166
-3188
-4527
-8224
4319
-2501
-9184
-4765
3886
5497
6523
-8431
3143
622
-940
2002
7939
9774
5254
9495
3032
-4419
-8122
-4058
-8769
8835
8801
7032
-9373
343
4676
-4817
7156
-6131
680
5195
1368
1496
-5850
-4746
713
-9328
544
-6145
5015
-6676
5857
6675
-3182
4831
6169
-6430
-9588
-8233
3234
-4636
-9399
2034
-3883
-8772
-3902
-9208
132
-6747
-1617
-5468
8448
9751
6029
-7403
-1275
-3259
-3009
-7011
4318
-7995
34
3895
8680
-9427
-1274
4848
-5857
2859
-9665
-8903
8223
-9064
3132
-1940
-4114
9230
-1147
6018
-3797
7236
-9450
-1629
-9294
-9701
4689
3153
761
-8321
9863
-4922
-2594
3618
8974
-194
7912
1420
-1625
-7946
-5722
-1290
-3127
-3779
-353
-9996
4282
5533
-7046
-3145
5271
2878
-2189
9542
-8752
2238
9841
5937
-4610
602
-8663
-1026
9401
2464
-3688
-7906
-7731
-5777
3514
4365
-2
-8488
-3204
6871
-2266
6443
6875
-7985
5696
-6451
2591
966
6427
-9599
508
7675
2639
4069
7333
-8250
-1609
-7610
4445
-2208
4854
-9244
3607
-9157
-5021
-2879
5209
4977
2354
-7996
1848
-9913
-7833
2443
-4177
-8417
9714
8414
6270
6140
8815
498
7536
5175
-5433
8589
6925
2958
-9022
1369
-5530
5832
2125
8078
6675
-9176
-1081
5604
5801
-8728
-8672
1369
-4919
-2784
-2467
904
-1201
-2754
-682
-1210
-6615
1853
9288
-5359
-2973
-6146
-6771
-6049
-9467
-5793
9041
-1276
-6241
4886
522
-5845
5710
9441
9759
1511
-5566
-5192
-3400
-485
5745
4133
-5861
-1735
-8622
7178
7055
-1515
-969
6342
3126
9779
-6083
-9924
-2549
-1829
-5717
-3509
6895
-1957
-8623
-2583
2198
-9193
578
5677
2318
5012
-5795
-7361
-1753
9951
6772
2387
-1785
-8129
-436
-1010
356
-7685
-4669
-2798
-7906
2969
-2722
3266
-8861
1562
9757
8035
-6675
-5146
-4549
9244
-4338
6029
8641
-8300
4762
-3433
-5661
-6992
-3483
-5168
9116
8453
-3297
2401
1163
7059
8437
6494
-2019
-5749
3184
5260
7517
4323
542
-9006
6078
7588
-4152
-8472
-9449
5231
-8722
9192
6932
9761
-4242
-5009
-3511
5996
-177
-674
8169
-9754
-8274
-669
-8975
-9838
-454
-993
-5586
-7271
-5734
-8070
-9228
8529
-7076
6851
6116
2494
-7901
6667
-2276
-6623
9579
-1624
-3142
-942
7089
3348
-1226
632
-7327
-3057
879
-1880
9995
5625
2003
3261
-5369
6417
5990
2618
-7932
-9517
1146
-1287
7334
982
-5073
9433
-2352
6373
-3469
948
-1531
3389
-9995
-4443
457
-1221
6190
6851
9443
789
-1309
-6842
-3587
-9306
6419
1045
-9169
6130
-2617
-7101
6613
8530
5334
3946
3232
-9740
7099
-5399
-9647
-6371
5549
-1177
-9261
9275
4380
4917
1774
4290
5489
1217
-4922
-5821
8096
5213
-5127
4514
-22
-4295
4364
7361
2325
976
9611
-2342
-1358
2843
1640
-538
7444
1993
6812
6713
-9185
7551
5987
8917
6189
-2240
3206
1677
-7303
-7995
5856
-9208
7218
-9271
9028
-2805
155
3391
-1724
-7521
-1912
-2113
138
-9550
-9271
-4502
-88
-8107
7491
445
-7674
-7973
-2005
8313
-9057
-2096
-207
4149
9581
6212
9875
5437
7004
7092
9887
9752
-1993
41
3143
6284
2520
-5049
-2109
-3622
-878
-1380
1876
-7245
4234
-633
3200
6560
5115
-8806
8593
6058
2820
2106
3927
2400
-1683
3802
-2164
-4679
4614
1443
-1207
-3658
-8517
-4344
-3654
7725
607
4237
-5898
-6550
-3423
9700
-3795
-9190
2787
9405
-8910
-2099
-5681
-6597
-6042
7139
5509
-8395
-461
-6174
9128
-8905
2868
7463
6260
-4619
-6196
7743
1038
150
9188
-8356
-5614
-2989
-4906
4684
-3290
5020
5494
9497
4424
-9696
1118
8744
-2572
8797
9603
-3343
-9599
-859
483
-6750
3958
-2929
-9288
217
2453
-1763
1680
-6510
-7893
868
-1145
214
-8401
7671
-5103
-1691
2690
-5889
1526
835
-1864
-3636
3299
5564
-4840
2901
-7780
-718
-4237
6425
6253
9721
-2784
6965
3658
-6611
-1078
-4663
600
1029
9926
-6824
-8758
-8476
-9154
-140
3554
7257
3971
-1200
1812
-7894
5164
-4890
-8610
-5956
-8268
-6389
7048
-2505
-9965
3300
936
972
265
-1686
4362
-7093
3651
-5039
3937
7298
-1863
8900
-7458
2704
-1240
9818
3682
-3549
-1383
-4507
-1442
-2498
4325
-52
1546
6057
7280
2314
-2728
-8965
-4386
-8072
2008
9600
242
-3631
-7494
-2387
5051
6443
-5090
-6812
9064
1174
9613
-2177
991
3294
4274
-6672
8788
-3448
830
6833
-9779
-3903
2889
7501
8411
-6119
8537
-5976
-4191
4265
-2656
6051
-9367
-149
-6337
9405
14
2295
-7408
-923
-6532
-4074
-9380
4459
9220
8616
7787
-8273
-4833
2338
8560
-4612
8435
5169
-3390
-9435
9050
-4854
-1689
-5142
9411
5655
-5371
-6236
-4495
-1707
-6832
5520
-9413
-518
-1683
-2224
9129
-1062
-7766
8348
-2447
-6259
-6204
6441
6079
-7645
-4450
8234
-8755
2160
8800
-9706
-8974
-2890
-1126
-5843
-7236
7224
1642
1991
-4484
8531
1231
-176
1733
9548
-8680
861
2206
-2725
-791
-6521
1017
3005
9921
816
9081
-4530
-950
-9675
-8650
1570
-5659
-3903
8680
6936
254
-4836
4159
-8105
-9125
-6604
-5854
2106
6941
5880
1654
8262
-3260
-2420
-743
9670
1060
-9727
6395
980
1090
9197
-9830
-6140
-6758
-4759
5430
-2417
1338
7830
-1761
-8409
-3286
-3881
-2793
-2410
3236
5074
9696
3897
953
5070
5879
-8586
-7350
-4864
-8917
3710
-4591
-8801
-1590
-9781
-9605
-1420
-2200
-6363
3821
-6771
4942
-1121
-5221
-3099
470
1494
3020
-8603
9084
-3745
-9809
-7501
-6127
1145
-8710
9752
6280
-6060
-5113
-8917
-8630
4018
-7718
-220
4237
-3602
8360
-4242
36
5901
-1013
-1302
-5221
7488
5599
8970
-1019
2340
-5913
1785
-7685
-5722
8005
-3812
9144
9295
-4060
5423
-3045
827
6507
-1675
-1435
8789
8105
-3477
-1092
-9816
2281
8944
9806
-5012
1362
-1695
-7525
-3040
-2726
5177
9300
5082
682
-8385
-6919
-1313
-2197
-7776
1702
7464
7648
8658
2012
7875
-3018
-9424
-9617
-1192
-2901
-709
-1008
9380
1955
-1202
-5632
-6684
7103
564
277
-1902
-4259
3297
-3100
6423
8633
-19
-1170
-3564
2206
-9468
-2380
3574
-7090
9632
5169
3613
-9792
5552
-7580
-2693
-5157
1413
408
6798
-6069
4776
-6165
-8967
-4661
7833
2852
4801
1129
9753
4945
-238
-267
-6226
9919
-4341
-1973
-2462
-7047
4658
-2830
8122
-1729
1099
3674
691
8406
-7763
-7897
2534
-7245
-3966
-2691
-3410
789
6370
-5578
-2639
1170
9273
-2887
-3886
2755
-9433
3610
2673
-3774
-8364
-6069
-820
-9985
4822
-2699
-1714
-4080
-5305
8977
-1953
653
-5199
-9420
3409
4556
1611
-6281
-4656
-2020
1863
6427
-7130
1135
-6461
2706
-6111
-5894
-3685
-9718
4054
1672
-2066
-3046
1687
-7244
7976
9973
-1324
-7329
-7330
-9557
3324
-2529
-5255
453
-7974
6356
4173
1092
-1944
-3965
-2482
926
-9110
4778
-6369
-5221
8885
3667
-1218
6659
-4661
6716
-6388
-9254
9472
-4692
-5560
1869
-2021
-2890
6033
-4976
4581
-9223
5477
-9673
7133
3370
1419
-1091
9405
8937
9836
-9706
3715
-2813
-1206
6320
-5425
-8704
6699
3635
8013
-5969
4381
-8796
-661
8821
3073
-8961
-4070
2827
-3937
-5769
3604
-4740
-5441
4458
8631
9699
-6634
-8245
8636
-3078
-4229
6071
7831
4565
6111
-7595
9583
6530
9761
7595
-9440
4141
8799
-101
6683
5593
938
-3667
-1581
-9279
565
-4257
-4018
8845
-9800
-1667
8543
-2712
88
-9102
7931
9580
-9311
5761
7866
-9480
-8114
7448
7050
-8354
5042
7610
9509
7561
1230
6191
3153
-7833
-7477
-4708
-3390
6809
1036
2592
9374
4957
-5355
7917
-7756
4733
-7465
-9825
8034
-6775
9657
5899
-6255
-4736
3346
-5484
-3090
-1613
-7875
139
-332
7076
-3671
-7179
-7036
2574
1834
-426
3103
-7131
-4114
2477
-8453
531
4114
-6209
-1016
6649
-2313
-2983
-6406
1065
-7085
-2660
6329
6261
1856
-3041
-1632
7702
7099
8037
8499
-2852
-5422
-8538
9722
6412
1036
6546
-6998
6922
-978
-1730
-2548
-6865
2061
-9844
-6496
-6531
-2826
-2901
8255
3810
8160
4583
3792
3736
-8459
-7841
5158
-7640
-6084
3656
-491
2215
5118
2951
2348
-3847
-504
9071
-3205
8518
-2660
7968
-4627
-6879
8125
2599
311
-981
9698
-1435
-7172
-8423
-6853
6620
5313
-1590
-7500
470
770
137
-5874
-6001
-3927
-7036
6951
8421
2839
-3554
-8789
9634
-1315
-1449
-8678
7779
5393
-6833
377
-4296
2186
3795
4269
5014
5372
-8863
5355
684
3268
7855
-5125
-2242
1712
2722
1758
7785
5686
2429
6205
2245
8875
-8864
5600
1280
-313
6922
-941
-4920
-9912
-6844
4505
5995
6952
2494
4729
6044
7352
83
449
4340
1658
5324
-7902
-6630
1766
7577
-8846
1172
3726
-8920
-6583
6321
-7784
9017
-2399
1904
9659
-9620
-9296
9747
-6464
8930
9462
-5792
1423
4190
-9748
2496
-5727
701
-3165
5931
-255
2654
9301
-4769
3951
-5824
6403
-2324
-4744
-6460
-6003
-2528
-7444
1598
-6904
-7786
1978
-2479
-4319
9235
171
-4858
-6557
-8406
9333
-2584
7811
-2674
-8163
-5355
-6744
5303
7300
-3722
-9467
1250
454
-9344
8927
9431
-5803
-3356
-3098
-3247
8242
3720
2689
3940
-5039
8370
3174
5133
-2767
-9663
-9553
286
-2247
8258
7612
-410
-7098
-5412
-5108
-6078
4587
-854
8894
-1239
-197
-8460
-1809
4000
-1816
8815
-5527
-3575
6255
7162
-5915
-8785
9253
-9021
6348
206
-8683
6795
-9509
2791
8773
-8177
-3898
-8325
132
994
-682
-5281
-6139
-1789
7201
3664
-249
-4608
1384
7935
-2073
5857
-1920
-5819
6740
5886
-883
9713
6866
-4535
-82
-8097
-4020
4130
4694
-5247
5953
-9205
149
-195
5511
9467
8245
9372
1399
5446
6756
-8851
-9163
-1861
9085
2485
-2284
885
6666
-5545
-3229
-4218
-5833
-6364
4968
7806
-4461
-5331
1935
-6047
3143
1608
-5251
-2988
-8587
-9741
199
9658
-6649
-8403
5103
-9894
-7253
9661
1966
-4448
2145
-6598
6437
2531
1579
-3072
8314
5746
4285
7002
7273
9824
-8330
-793
-6223
8534
-9185
2247
-4455
-4051
6227
5745
-4394
-6702
7342
-5570
-6596
-6191
-5910
9091
-639
6236
-7508
-481
-1234
4071
-9833
800
3538
4453
-2198
4531
4276
3193
-6263
-8227
1727
-1727
7741
-9008
4222
3967
6737
9829
7265
7800
-5742
-5611
-8392
2069
-2800
4691
2025
3414
-5791
-5488
1205
-5624
5312
-1537
8829
-3166
-7007
6826
-6252
-3269
-7681
5475
8725
-9940
-9813
2947
7748
6925
6496
8734
4724
-5526
-3157
6332
6543
4044
4743
-1432
1178
-7328
3080
-7618
770
2112
846
-402
8947
3839
144
-3585
-5710
6185
-4390
-6985
9966
-4203
9683
-8567
-7279
6178
-9834
-8835
-9349
731
-8782
-9086
-5226
5961
-518
9673
8634
-3718
-7946
-597
8395
6621
-7279
-8939
4181
6587
-2524
8471
2771
6807
-4794
6457
-7397
-1391
7890
-954
-5214
-8223
211
-842
2508
1429
73
-8998
-2610
9555
-9326
-256
-442
-7272
9147
-2048
9350
-4412
2734
3530
-7826
-6070
5721
4945
-9264
-5352
5122
-2940
3257
3012
6106
-8236
4789
-3683
922
-2704
-8534
-9006
-1702
2577
-5730
2693
-7680
3828
5421
-4813
-4500
8491
776
-8046
5741
2950
-395
5183
1616
341
9831
-3263
-8879
6808
-6531
7228
8572
8258
-2735
3215
-726
-1269
7930
-8708
-8692
-7801
3985
-2651
9748
3127
2537
-1032
5338
-2967
4643
1079
-6297
-5753
-3739
9040
8309
-188
-502
9431
340
2967
6658
-1088
4946
-6078
-4153
-2060
2653
-6224
2954
7682
-303
659
-1248
-556
-6215
-4991
-7867
-7156
2042
6776
3923
5745
-8977
-6096
8506
9332
7437
-1997
8762
-2224
-9031
9140
6688
9636
-6939
-3745
-2424
9436
32
-9471
-9163
9729
1188
3310
2893
8695
8319
5026
-8462
360
5523
9182
-174
6546
-6915
-1669
9598
-5758
6334
-7920
2018
-8977
-8781
2427
-9341
-1998
8682
1956
1158
-1287
6206
5716
2162
1114
-974
-4945
3529
-2656
-6199
5067
-8575
9324
7969
4972
9590
-5226
-2977
9188
-984
-2923
-5012
-8966
-1900
-72
3461
2480
-8350
2142
-1844
6529
-5424
-5639
2245
6738
5476
-5009
-8208
-996
6056
-685
-2208
7481
-1362
-519
6173
-1772
4256
-6805
1136
-6729
272
6124
-1974
-7907
-228
-8514
4573
1423
7350
-3550
-2049
-8075
811
-6084
-7617
7
-1093
-5824
-7268
-5037
7212
4245
-3836
-4151
-6275
-7663
7798
7981
-4468
-1067
-5027
9526
-1223
2999
-8382
8550
8207
9912
3693
5556
-3639
-8357
-8799
-9107
-719
-6416
900
8188
1481
7353
-3129
-1308
1597
6757
4542
5323
9094
6060
7024
-1654
-5007
-8004
-2129
7491
8717
-511
6040
6923
-599
3453
6199
9483
5097
7400
-9625
-5623
-9017
1276
-3715
6186
2349
6878
-5123
-6054
3634
-6861
9269
6448
9200
-9988
-5207
-2087
-7991
6386
-4597
-9275
-405
-4836
-8632
-7284
8617
-8713
-7801
7434
8687
-7426
-4469
-6610
7571
5538
9576
-80
2415
-1826
7587
-231
1313
-9425
-3784
4233
-9413
4730
-7855
-7404
1115
-2451
-2958
-5569
6434
2131
-2853
8771
3418
3067
6205
5825
9363
-4544
9216
-9347
-9007
-7489
4294
3408
685
1880
-3103
-4281
2455
3113
9952
3043
-2157
-7903
9360
-7322
3367
123
-2891
3521
-7747
7978
2291
9393
4765
-1505
5217
4127
7673
8153
4781
8666
-9336
2795
5795
5070
-5325
-7309
-5491
7130
5805
-5539
3893
-2632
279
3253
3767
-2634
-6625
-5403
-9114
-651
-7426
3177
-1259
-8941
-4607
-6042
5187
-6935
-7890
3688
-8270
-3505
-3518
7525
-4714
4878
-6063
-205
2008
-6538
4256
-379
830
-1745
-3406
-1683
5621
3690
2914
6507
-6961
9209
-316
1780
-9732
5077
9459
5455
-8138
-4710
2863
-2687
1785
9345
-1441
-9209
4223
2496
587
-49
5958
-5158
-6708
508
3098
-113
8825
-1282
-6424
1739
-1054
-3385
947
8630
-7884
1215
7427
-4705
390
-6991
585
-6748
322
-3909
-3682
8881
-3118
-5739
1376
-8811
4212
1054
-3968
7504
-8439
-7150
1111
-5893
5289
4688
5846
-5766
-4977
513
-3416
860
-4551
-2269
6156
9560
740
461
-7188
-8938
-9728
2851
9943
876
7112
5040
2065
5044
-3907
-8183
2547
1376
-1612
-2621
5483
-2602
-7934
1328
5353
810
-4439
-8063
-8330
1010
3389
-8454
570
-2150
5728
7103
-1088
6001
-47
2575
597
785
1335
-7339
-4172
7429
-1800
-7905
2525
-9692
-526
-1993
-2294
1540
-6945
-6941
-7650
-1384
-1283
-2259
-6653
-4174
-713
7638
3676
-4986
4740
-3692
-5265
-1587
-7396
5332
-7082
3939
-8286
-1254
5088
-86
841
-2388
222
-9685
5619
-8351
5576
8674
-5292
-8354
1011
7146
-613
4358
-7029
-7606
1995
6648
-2591
455
-7045
2144
-7412
-4441
1197
-4494
-6781
2911
7973
8307
-3455
2534
-360
-9513
6570
-1021
-7864
2146
1374
565
7513
-7616
-2290
621
-9538
4403
3015
6178
4771
-5856
353
7726
-9991
2941
-2994
1206
-7833
3946
-2163
-6140
5973
4382
6394
-4388
8590
2964
8313
-9274
-1170
-314
5012
63
5791
-3557
-9317
6253
-9155
3699
2430
5616
-8437
-7218
7062
-8428
9444
-2212
6499
-4669
-8267
-5665
2912
-8573
-7563
-695
760
-8973
-4011
-928
-8247
8540
8758
-9515
-1397
4548
-3072
-714
4521
-2227
-3295
-3050
-2891
-1731
3453
-5829
3562
6617
5680
61
-8053
-8866
4396
8580
-7439
6834
-2115
3321
-8419
7595
-3886
-2945
6135
-5129
-2460
-1542
-6860
4469
-8536
-8619
-4038
1891
-1668
3072
-9841
-4495
-9037
7442
-7878
6643
-2498
-2210
7777
-4381
-3630
-9663
-3827
7976
7380
-2246
9291
-6507
4809
9146
2085
-3931
-2397
8946
-9463
-932
-9673
221
-9042
2380
-6708
-5162
7885
-5745
-7721
-6273
-5382
3503
5239
-7605
-7158
-4671
-3547
-985
-2975
-6168
-9511
-3685
1046
9019
-4539
-6869
-4913
3064
-7924
-654
-4148
-3876
9567
-3190
8504
-3421
5369
6389
4555
-8631
-6164
9173
4872
9075
-4712
7714
-1876
5463
449
5149
9295
938
-8536
4062
3677
-3075
7193
8764
-6291
-7011
1830
-438
-886
5117
-9908
-2383
-4584
5462
-2274
9971
-9449
5284
-7136
9144
8079
1873
6857
-3797
-2665
1026
-8649
351
-4316
-7185
-5588
9361
3461
-4675
8124
7171
2035
3675
453
-5131
-1209
545
6208
4208
-273
-6067
7899
278
-7063
-9238
-579
-8984
6357
-2
-2781
-6309
-8977
-1430
4042
428
5107
8454
-212
-1433
-6222
1633
-542
9535
-4693
9911
-5597
7819
4177
-9390
2026
-6097
-1735
3646
7903
1202
8129
1044
2218
4485
-8958
9437
8177
-4214
1728
2218
6215
555
4393
-3998
9122
-8109
-8645
2301
-8575
-3338
2211
-4171
-5519
-3613
160
-9773
4012
8425
3873
1914
-373
5723
-3322
-8156
207
-2280
-4998
2104
7228
-9550
-1957
7163
1005
-7565
-3115
3847
-1953
-1759
-3853
3194
8624
8359
-7257
-6896
-1534
2903
-2947
-3802
1328
-5354
-8168
-9046
-9632
-1489
-3481
4297
9952
5242
-3600
-9101
9413
8164
8062
417
-5681
-1332
-5736
2367
6909
411
-4440
5532
2490
-1697
-7643
-5323
-5074
3131
875
6254
7777
6429
-9072
8146
-5061
1169
6163
-1389
131
-3717
-489
-456
-5553
1293
9961
-1234
9961
-2055
-5147
-9411
8357
4134
9843
4567
-3843
-4080
-7036
1084
9051
3840
-2663
6827
3989
1987
8693
-7352
-6845
8576
1259
3286
-5141
-5510
-7171
3027
5784
-3489
-8208
9465
4456
367
-6225
6533
-5500
-2662
1100
658
3258
4064
-8259
6029
1624
2799
2855
-4388
-5215
5269
1981
1661
3844
-6760
-5053
-7577
-2270
1497
5450
-2766
-8272
-9037
420
6185
1330
4195
2717
9551
-4747
-2463
208
8511
-4678
5670
4539
6946
-1531
1114
-3721
6975
103
8260
-1364
-2332
-4780
7304
3812
6672
-1200
-738
-2374
4250
3946
8046
434
-1004
5961
-3129
-1454
-8787
4409
-7525
-6556
-6549
-8135
-8297
-5883
334
6539
396
1030
-3359
2377
9666
8030
-8683
6969
1842
7989
-511
-5176
-4385
-6262
8770
-2619
7893
-2235
-6658
-1515
6311
-5445
-3386
-7494
-2000
65
-5628
3424
4182
8427
-38
-1701
-544
6604
-5604
2842
8354
-4287
3531
195
-2577
-3259
5019
6759
4200
7509
-5861
5814
-4727
1202
-5702
-4695
9479
912
1532
-2522
-9024
5904
-5378
5158
8052
4585
-2823
1228
1188
1573
-5930
3262
7287
-8679
-6543
-1570
-1938
-7804
-4812
-7738
9706
3048
8076
-1301
-5750
-7627
7725
-6272
7006
-743
4927
7982
-1119
9549
6860
-3068
4133
-5963
8161
-959
5610
-7770
-7697
6617
-6449
-519
-4954
5335
1677
3955
-8683
5103
-2997
9393
-2477
1253
-4514
-4753
4981
-3788
8225
-93
-5807
-2894
3176
-5227
4038
-2691
2531
5919
6350
-1859
8149
-7627
-1522
-4579
1854
7246
-5524
-2748
1200
-4207
-3925
8203
-1094
3598
-545
8113
-7434
-1844
-5676
-5489
-8217
2238
1617
4960
7011
-624
-4011
-458
-4706
-7662
-8597
-2836
-5288
3602
2585
-9714
847
-9219
-2462
-7953
-3426
3614
-6030
5480
932
7147
3592
3498
-4698
-8364
-8270
807
3874
3347
-4234
4605
-7278
1755
-5854
-1983
7814
-730
8902
-3754
-7128
1486
-3467
3719
2267
4071
9487
-7439
-2316
-6543
8041
-7663
-9397
5353
9556
-374
6989
-8715
-9568
4583
4633
-81
-813
-8925
-4606
7055
2813
-6792
-3676
1714
-546
2917
-3080
9708
357
-7093
3779
-157
-4532
-4817
3300
-2771
-2480
7624
-3698
797
-2750
-2989
2082
1403
-8407
435
-8678
4502
1511
-3284
1556
-1956
-76
-8400
9759
-6901
4518
399
-7194
-1405
3307
-9695
8438
-7505
-4511
5459
3446
6730
3082
9748
-2474
-5948
-3241
9609
5456
2073
3764
6778
295
-4726
-2786
-8150
7040
-9141
-2828
-9482
-6042
-4590
917
485
4005
-2056
791
6163
440
-10000
1621
-2394
-9550
-1576
-2647
1698
6197
7833
5027
1652
3627
-1210
2150
-6079
7786
-6915
-507
4825
-6056
-9615
5343
1623
-4205
-3741
-7893
-6480
7925
6619
9683
2085
-9661
5025
9691
-5489
-6552
764
6209
-6635
-1403
1235
8739
-4056
-9976
888
3586
-8470
7694
-6922
6355
-8363
-6537
1697
3260
2979
-8323
9089
6499
9602
9428
6182
1686
-6512
4927
5097
-2001
8375
-4140
-5793
-8261
8178
9163
-9523
-5879
-7093
5087
-8572
-5562
6501
-5494
-9208
8139
1691
6211
5119
-1610
-8392
4207
-1390
-8791
7356
-1488
6616
-9157
-6562
1712
2563
-8188
7572
-9510
-2728
9471
9653
1471
-6409
-3720
278
-4981
718
-3222
3247
5232
-1363
-1342
1442
-6244
7048
3050
-8317
-4343
7980
9039
7890
8316
-6398
-8673
27
6165
-6861
1319
6655
4133
789
-9973
-676
8102
-3692
9602
-3159
7026
100
-6192
5978
8738
2466
-2581
-7507
3235
-5811
-5824
-7388
-4111
-3064
-9498
-5796
538
-8171
7952
424
-1310
2992
-2922
-3457
-6220
827
5867
-4398
7135
5468
2444
7881
-712
6252
7580
-1975
2439
-1281
518
-606
2909
8416
2006
-7482
-4649
6229
-3277
9610
8059
-1605
33
469
-8614
-9168
7012
-1112
5380
2878
8211
6235
2066
4375
7836
-8647
4348
5415
-621
-3214
-5866
-6383
6180
-9237
-4247
1906
-6719
4825
-1865
3725
4435
-86
-7880
-1812
-9618
-2773
2741
7394
9836
-1880
3992
8047
-5646
-3943
2421
-7810
1131
-3232
7605
-5770
7275
-4541
-2152
7175
-3778
7322
-919
-496
2147
-9064
-3051
-3419
4571
-931
8490
4953
-9983
1231
6067
9853
9351
3779
-8381
-2574
-6444
7762
3337
4687
-5471
4662
8918
-4475
-9879
486
-7301
-3657
-2193
5501
5847
9954
-9843
-7204
255
4728
5586
-1255
3401
9324
9976
-533
-7103
-6954
-3034
-5484
4193
522
-7723
-2471
-4791
528
-7809
-5874
6053
-7688
8333
-7528
-1345
-3861
-8306
-1777
-186
-4428
4740
-9932
-5979
4046
-1187
7422
3370
2509
610
6267
9277
7576
-5497
3469
-1902
-3219
-5281
3307
-8971
-3090
-8847
-9198
2943
-6794
-3005
-4682
-655
2410
3541
-7121
7983
2001
-7052
-7997
-232
5482
-6855
-6863
1712
3755
-6876
988
1331
1348
-1823
-6851
-8151
2896
-9824
-7122
-6474
-4950
-6320
6469
-1744
4397
-4492
-8679
-3194
9049
-5799
-5212
4771
-2851
512
-5462
-3649
3658
1396
8063
-2588
8241
-950
-7537
-412
-9052
-667
1438
3844
-491
8037
-8909
4559
-4562
-8720
-3465
9835
-3212
-2143
-3360
-442
5779
5150
-5672
-3352
-4339
2587
2999
-6961
-6018
1062
4173
-4057
-9889
-9644
9252
-5220
-310
689
8625
9199
-1274
-6564
7479
4164
-5284
-5987
7719
1505
5591
-5642
-8938
1369
9508
-889
8017
-1110
-8303
1016
5650
-600
-4202
-178
9064
-370
179
8315
4411
9869
2725
6756
-7213
-4829
-9809
-6014
-6945
-5093
-2000
-9227
-9868
-2689
-4869
-8806
8681
-1640
4026
-9583
7250
9444
5154
2899
2564
-9049
-3558
1627
582
6621
-58
-5008
-9791
-7334
-8253
-3283
-2163
-8062
704
892
566
-7576
5386
699
-265
-9484
5614
2136
-1124
3361
2554
-154
2804
-2293
-3534
-4632
2380
2908
-9285
-7039
3249
657
1674
7179
7044
3421
-6105
-1399
9080
8320
-6787
3366
-9257
8599
-5936
4200
-7164
-6601
-3665
5433
6760
8889
-4721
-437
317
1745
8652
-7304
-1627
9368
-4343
-8379
3745
7331
8800
4510
4472
-3585
-3169
3551
-5265
45
637
-801
2364
4702
-6602
8921
-8179
-266
4354
8581
2343
9633
1864
-7341
5098
516
-4645
-2809
3604
4733
-1188
-2652
5784
1332
-4422
3976
7747
2410
1247
-3798
-3825
-8116
5402
-7741
6586
8800
-8820
8407
2254
5534
-9293
-5403
8887
2571
-2744
7705
-3193
6333
-5105
-9590
4786
7428
1480
4291
-1241
-9222
-1734
226
3188
9514
6429
-6917
-8603
5551
-4657
7983
4350
244
-9891
325
-502
-5463
4922
-1616
7108
-4102
-191
-2364
-4049
8425
1767
-9263
5852
-3033
8749
-1669
-2254
-2986
8557
-5346
-3473
8706
1459
-2076
4256
6802
-373
2327
766
3457
-7349
-9737
7994
-8707
-1353
8823
-2809
-7824
179
6864
-9400
-8055
-8679
-9828
2634
-9931
-1497
-5900
-2917
-2941
-1246
3611
-514
-9788
-4745
-6259
-9266
4883
9789
1500
2060
-7561
1763
54
-2547
-5870
2597
4645
27
-7225
1508
627
-1559
2829
799
-8926
6619
-6978
-4826
-6299
82
7650
-8968
-6712
-8418
-3712
-2971
-3962
-5109
-3182
7538
6951
2978
3022
725
-9569
-9128
-6679
8797
4621
-183
4025
-1032
8259
574
-6512
-6947
-2808
-3490
1949
893
-9688
-402
1926
-6400
4901
-8066
630
-9062
-3175
-8832
-7803
-2504
4146
8940
8222
8298
9812
-4737
7094
4432
8802
4839
-2879
-9220
-4588
609
-6167
2604
7119
9503
-2782
7432
-900
-7136
-8969
-2278
-5202
5382
-1340
5344
-9730
857
-7161
4417
-204
-5219
6435
3329
3766
3529
1481
2567
-1633
8602
3347
7501
-790
-9100
104
-3671
-9597
-8958
-2519
3224
-6094
2233
-9055
2425
-2385
3327
1489
-2115
-5817
4329
-3978
7701
-7170
-7543
1029
6596
9707
-3770
2883
1794
-5168
-50
-706
4042
4572
-6881
-5909
4975
-2118
5293
1919
5510
-2474
6586
-2066
5141
3633
9424
-3254
-8464
7473
6490
9237
-5977
-7333
3986
-5660
-3906
-9784
7223
7888
-1231
-2827
903
-3469
-8256
7743
623
-9561
-655
-4085
6079
-5146
7162
6385
6510
6023
17
9654
-7231
1554
-9154
-7021
790
-5131
-4354
-1503
-791
5461
2434
-3568
7069
-8798
7326
-2029
-2267
-7210
-566
-7924
-3050
-7500
1713
-6972
-2646
-1126
-6866
-2416
-5103
3151
-2763
1387
-5296
-1917
8087
9216
6674
-2547
1433
-4118
-7087
-6134
6035
9982
-4932
7081
1674
6522
-6409
-5172
8599
541
-2672
311
7291
8404
-7095
-9576
-4013
1523
3575
3225
-7091
-8000
-4972
-9005
-8785
-4578
-1552
2648
5026
5082
-9766
4781
5064
-4698
1862
-3263
-8177
5453
1565
-9579
-4006
8894
4453
-2995
7297
-8921
-2571
-2996
2602
-8997
-6051
5512
-3276
2699
-9773
-2061
8121
2397
-5693
3146
-2522
-5459
-2073
-7459
3564
-6491
2999
5388
-7318
-1715
9530
2397
-2822
7704
9402
-1805
8783
-3170
8920
1384
1555
-7131
616
8279
5568
844
-61
7409
-3039
7967
555
4439
-7492
-7798
-9299
9793
-568
7421
8901
2114
-4295
8431
-5489
6604
9855
-6088
-1481
8637
4464
-2561
3741
-3982
308
-5643
-1983
-404
8922
7956
-2996
-4118
5923
-8721
-5959
-7849
-2798
-1537
-8057
6634
-4116
-9156
-1252
1589
-7005
6980
-1807
-3430
-5388
-9568
-1073
9076
-2129
-7333
-1186
-8101
745
6832
1495
-334
4787
8500
9269
4430
-6501
-6690
6581
702
5494
-7755
-2665
-8623
-3190
9804
6688
3526
6783
-1399
-9905
-4884
-967
-978
-5809
6905
5410
6727
8804
-3845
3558
4020
5821
2065
6240
8811
216
9739
-7880
517
440
-8666
2762
-8504
-7288
-6708
-8701
-6880
-9462
-8197
1721
-9367
-3081
-9247
3376
4831
-8622
2507
1557
-6097
8662
-1165
7923
8203
-9100
7883
7013
1116
7621
-7147
-8368
1782
-5812
8116
3278
-3100
-4872
8298
20
-4333
-9900
-4539
21
-2981
-65
-2882
-4429
1314
9625
7128
8938
8286
-4037
-9420
-9792
584
8463
7222
-4580
9804
-9926
773
1585
-5738
-1112
-1417
4883
4017
-3119
-1377
-6596
-3019
7805
3425
7722
-2260
-9458
-2987
-7226
-9834
-5860
-8289
-7828
3824
-3988
-7619
-1872
-1805
-6677
3548
-2002
-6603
-5679
-6696
1381
6930
1887
-16
946
8768
-7672
8071
-530
-9868
1496
912
-2128
2038
7925
4367
5926
-4215
9799
8098
9610
-4190
-5801
-2263
4005
-2478
-4994
-4276
4641
-673
-972
-258
-3744
-5365
9726
-9077
-2876
-7947
8994
6594
-4093
4210
1226
7500
-3752
2871
1867
-4106
8656
1665
-6009
-8015
-8804
1912
3444
8922
9434
8450
-5355
7795
1497
3673
-2464
-8527
8309
-2738
-3883
-847
3036
-1168
-4254
-7337
-6959
-9308
-9837
3010
3563
5751
8904
5939
1136
-3384
7925
6053
8528
5089
4975
7961
3538
9620
5756
-4966
7014
-2988
228
9043
4274
6346
-1805
1031
-4823
7662
7415
-1782
8354
-8702
-5051
5637
7049
-6148
1575
1906
468
3220
-2042
-1005
-1692
-7068
677
-4434
-7448
153
4321
-6714
7165
-5451
-7672
5160
-9106
4244
-89
-208
1905
-2675
-8270
3979
-1376
-3321
-385
-607
532
-5090
-8702
-5280
-8149
-743
7437
159
2189
1834
9447
8462
-8014
3767
-4532
-7129
8316
1517
8031
-7070
-4240
1662
2722
7665
-7292
8174
1643
1332
-5148
-5022
-5555
9105
3610
-4256
-2454
5461
8722
-5018
-660
4631
6816
-1214
6814
-7478
-3726
-7719
-4607
-1690
3799
-2855
1241
9559
-7473
-2317
-9056
-4765
-4144
6308
-9713
4430
-8714
-5267
7255
4896
4198
-5200
356
2919
-218
-6584
-2451
318
2203
-1917
6561
-7803
365
-8046
507
-2116
2820
-4532
1163
5347
3152
2107
-5697
-7272
-1585
-5410
7158
-299
3044
8134
-1683
-2759
-7067
-7607
-6120
2716
-4191
1430
-3246
-8268
-6767
-6685
-6071
3598
-1010
8158
-4798
-8191
-6375
6366
-9124
6777
-1528
-1100
-6774
-9393
3491
-5896
4029
-3466
-7763
-7655
7497
-4829
-1541
-8624
-8393
4269
6527
-1639
9722
9761
5397
-2628
7079
-5614
-4471
-7719
-84
-846
8647
4514
-348
839
-6587
2878
5168
6904
6982
-804
-2841
9220
5263
-5345
-1889
-6279
-3969
-282
-8290
-3721
-8201
-8568
-3961
7197
2525
-6883
-4697
8054
-881
8941
-2793
-2235
3454
6859
-7675
6867
3457
-8787
7492
439
409
-1629
3379
-608
6747
-4790
3114
-3502
4928
8545
2777
-9553
-6303
8816
-8636
6222
-4346
389
7996
4773
-671
-1076
-3741
-7218
-4218
2305
-6631
-7040
3518
-5419
7120
-2353
6673
498
7040
3419
5708
3874
9918
4356
2418
2694
8524
6116
5231
9889
6058
-5395
277
4054
9378
9606
-7023
-4364
-3892
2480
-8339
3198
5440
5179
7780
2559
-7174
4452
-3223
9866
1592
-3795
3739
1509
-5719
-123
-2077
-7195
-287
-3126
-7307
-4229
1479
2970
-6455
857
6296
243
-9787
-3876
-3557
-8125
9322
-4396
-9226
7101
-8117
-6400
5274
-1339
-2814
-3135
8587
-5355
-7906
-7132
4523
3738
-4327
-5765
-9388
2087
3727
2091
-4944
-9008
-3332
-4928
4956
-3118
1196
-8601
2478
517
-2997
3252
1339
2607
-9427
333
-8733
-2241
-9082
-6425
2405
-6988
-3557
648
-9530
5837
8604
-8918
-2077
6052
3174
6700
7044
9842
-4508
5721
444
6688
7120
-3358
925
-2157
9895
-4016
-9551
-9533
6317
-4562
1947
-9045
2734
-5649
-2312
9177
8720
-1841
8734
7324
-759
-3344
3375
-3865
-2924
4139
-302
2568
-141
-9859
2976
699
-3216
-6100
-7738
399
-115
-7288
4587
-78
1871
-3467
878
-5396
4606
8566
-2499
3325
-3276
-45
648
5966
6611
-2257
-7900
-2593
-8118
1798
9975
5462
5661
2950
-3839
-3835
-9430
-1577
-9716
455
4856
4871
-5902
-3274
-4876
4976
5051
9730
7262
-3728
6776
-6014
6227
1144
-6328
6558
8888
-507
-6036
-5510
-4988
-2341
9952
-9328
-5671
-3888
558
-5100
8257
842
9076
3112
-4288
-6827
-6441
4557
-8131
-7670
4287
9132
-1397
4783
-3162
-5171
-4074
510
-4892
-1466
-9998
2793
3024
-4986
-9548
6697
-593
-1498
-3471
9965
7123
-5215
806
6199
-8382
-9762
-6908
-4823
4796
-1317
-2493
2803
-2186
9831
-2415
4652
-5340
7232
-1118
3489
-4234
-1116
-3719
-7490
7620
454
9207
-2974
8957
-4264
-3009
6079
521
-8483
5998
2139
-4523
-7189
-8964
-9728
1494
2265
3075
-6972
2095
-5620
7680
6755
-8389
282
3964
1098
9166
-9755
3609
6785
699
2815
-2468
3376
-7729
8244
-545
6514
9761
-827
2373
-4763
1984
3410
-770
-6523
-4326
-3975
-3495
7769
4126
-2095
8245
9459
8187
2208
556
-8927
6174
-5836
-8422
594
-9300
-890
-6031
-3308
1074
7145
-6795
835
-3682
5579
9793
8302
2709
2744
-8221
8383
-7511
2005
9872
6616
9911
-8164
6074
-8183
7766
-3371
-7110
3939
4515
-1810
-5468
8936
7300
2223
-4373
2095
-633
-1167
-3350
9406
-1868
-3558
7708
-9160
-7094
-6793
-7057
-4604
8933
-7186
-7989
-7437
-5349
-8195
-5619
-7584
-1566
992
-9925
-3331
9182
-1671
-4396
-9798
-9449
4953
2297
3639
-2494
8947
3045
5638
-891
4473
-9802
2016
-8600
-6859
-8868
-9668
-324
-3136
-7104
8048
-1331
-2723
-5816
-9177
-8011
-5740
1214
-8829
6310
-9462
-8627
-9419
5491
7391
4220
-7004
6337
985
8634
-834
-822
8832
-5098
578
-4307
-3966
911
5370
6619
3807
3417
-992
-5196
7602
-168
-3207
-4418
-5234
1685
-8109
-4696
6779
-7528
-9205
4169
-9588
-6209
4226
5119
-3854
-2887
-5704
-1302
2015
4875
4392
-8230
-494
3482
8389
-6688
-3102
-2603
1837
-1780
-9051
-7650
7523
-4285
4036
9414
1019
814
-4394
5535
-1296
-3981
-6953
-3350
-8863
2914
3763
-846
-8389
-4222
-5972
9724
-2452
3534
3205
-4064
-9434
-6176
7054
6124
2044
8003
8475
-433
-6283
2510
2701
8458
-2956
8308
7713
9469
-1953
-9241
-3881
2905
3673
-6398
-7942
9006
-620
-192
8729
-9352
-6659
5655
306
-2371
9479
-2641
-6248
5243
-917
-7774
-1470
6521
8457
-8769
4978
-778
-6741
2691
-1310
5027
7171
8530
1652
844
-7868
3710
-151
5233
-6483
2298
5882
580
-2048
-3813
8209
-2570
7267
-8040
-7327
-3651
-2092
1203
-7130
-3636
6155
7848
9307
-6866
4259
-2003
8161
1430
247
-188
-4006
2379
-2757
5843
-2388
4481
-1860
-2786
-1219
6093
3401
-3011
-2757
667
2671
3637
7017
-5701
-5160
-6393
4384
-5285
-4825
3691
-2150
9435
-4592
-269
4585
5655
-6736
-9422
1755
507
-9859
-6913
-1292
2002
301
7490
1815
-2578
-5522
9059
8089
-9131
2695
8826
-4832
-8745
-3847
-6727
-308
1329
6964
-8738
4484
-7629
993
-932
-8254
4257
3367
7222
-1516
7229
-9692
7193
2951
609
4682
-5234
-8249
-7120
-2455
9841
-6250
-6040
-7614
2639
-4784
-1460
5912
8629
-6411
6596
9891
8073
-7313
883
861
-5566
-1139
-2052
-4624
7345
-4824
-4315
4537
8127
-9986
2939
-3387
-8234
5820
4158
-4673
-6710
8119
1434
9650
-2945
9974
9283
-4317
-6438
5878
-706
-4645
8566
-6103
6216
-3280
2758
-5837
5817
103
3060
-8499
-1640
4908
-4763
-4980
-8480
724
-9161
9400
6051
-2150
-8762
1205
-2501
2014
1179
-3219
-8583
8462
-3620
711
-2462
-1334
4608
-6247
9107
-2634
1638
4923
-8811
-5303
-9855
3270
-6675
-4618
8290
-1433
9827
-7151
-2034
5877
699
2925
-2919
8199
-5062
-8020
-1300
-3645
-5837
5080
-9214
5422
-2534
5394
9175
-3428
-3520
4533
-8505
1390
9231
-4639
-1619
-7445
743
391
1122
4290
3241
-7192
3887
-6061
5733
-5312
-4142
-5609
-3331
4559
746
4553
3359
5253
-26
-9175
647
2869
-2603
-9153
-2598
2613
5959
353
7974
-5661
6629
2437
4730
1472
-3274
-2030
4280
-9388
5631
3734
-4699
-8512
-8155
5691
9768
6313
3964
6848
1565
-2342
7673
-4068
-9474
-1210
-3220
1649
-4876
-7262
-7999
-6903
-2923
-7649
9256
-4473
3823
-298
7219
1823
315
2849
-723
9337
8058
1123
8748
-8454
-2565
6432
8394
9000
-5911
9787
-5068
-1664
-1424
5433
-6294
3700
8171
-572
-9482
-1032
1779
-6506
8216
-4399
3196
5434
7425
-2769
2003
-3299
288
61
-8456
-965
1607
-1021
-4534
3721
1700
3276
3507
6632
-4667
-4197
2064
-961
-6776
3955
8467
-2537
-3357
246
957
-5142
9568
-5848
-9708
6992
1384
2295
-2586
-4608
-3924
-1042
4428
7683
-8342
-6386
5124
3358
-9389
-1370
3710
-4056
4434
-506
4983
-8622
-6552
3449
-1159
91
-2585
9798
4949
-3017
-2330
8962
-2305
-7226
1257
8830
-1833
7333
1509
-3685
8737
3167
-71
3860
245
540
-3789
-6046
-9796
-5635
3448
5187
-4257
-9384
2357
4584
707
-6508
4381
-624
475
-4229
-1662
8171
-1454
-6685
-9280
6713
-9353
2229
-6973
-6896
-4605
6677
6965
9361
938
-6825
-6686
1142
-2460
-9518
50
7004
-8902
-3873
1587
5526
-381
-312
-5098
-9906
5459
6961
-8015
-2275
-9725
-7295
-5563
-5357
8656
1185
-2252
-5950
-2138
-1567
-2868
-7480
5329
4167
3662
-3411
4650
-2568
-6408
9469
3559
5179
4995
-6822
-1413
-6383
-3007
-5955
-5702
-1022
5492
-5427
5404
9929
2937
4059
4835
-9316
-8170
-3583
-883
2683
-1063
-5555
-3151
-3681
1034
-8502
3752
4626
-5312
-2690
3525
-6597
488
-7889
-2980
7481
-122
5039
179
-4631
9612
-696
-982
6269
-2917
-6148
6954
2634
269
-209
-4684
-7074
4237
2166
-754
-1009
7385
-7003
-2662
-7928
4028
-9138
-4525
-5484
-3305
6216
-4283
6573
1254
9618
-4338
4586
2642
4680
855
-6555
-7747
-2192
6080
6243
7599
-4884
9170
5556
7282
2136
-5453
4667
5133
1885
-9541
2881
6468
-4065
-8883
-6838
-7850
556
-6545
7126
173
2838
1711
-3465
1239
-3714
-20
3492
4094
-220
3455
5414
4897
6345
4690
2178
-1520
-7043
565
-2667
4842
4746
-9786
5031
-9320
-8669
-8087
-3449
1887
-4631
-2603
-4220
8207
9109
6036
-555
-4606
-3984
-3343
-6791
5796
-9888
-7657
4413
-9823
7033
-3409
-1342
9991
-9124
5991
8553
5622
6205
7304
-9978
-8743
9218
295
6865
-5414
7692
-7355
-3487
-9480
8681
9680
-364
-1583
-3664
6566
-2066
169
8909
-7654
347
9662
-1063
-7275
-6628
3535
8716
-4354
-844
8642
-7051
2900
-6381
-7834
-6806
-9517
473
-9115
-6872
-9293
-8594
-4470
-9614
1042
3947
443
-2393
-8120
-5667
236
-5773
4680
3618
6885
-8875
6991
419
9841
-3643
-6704
-7798
-694
6196
-4179
5194
-6890
26
-613
-6005
3154
94
-878
-7596
480
-6116
6352
-9077
5212
-8048
-4744
-4553
-100
-6344
-7214
-3215
-5219
-6503
-9076
-1658
-146
-2059
4266
-7120
-2143
-9914
8074
967
112
1182
8684
-3013
-8725
-2195
3112
5477
5411
-537
-9880
622
5137
-4624
9791
-4964
2753
-7424
5542
-8746
-3927
6467
3317
9648
-1872
-2418
-7473
5986
1390
-5678
673
-4778
5504
-644
2209
-9501
-9118
-958
5976
6293
8505
6096
-3086
7362
-4808
425
-7602
-8335
3001
-8340
-7081
-7206
-8153
6237
-7559
-24
-2461
-5031
-4039
8929
3012
6634
-5849
-1485
-289
-9920
-986
593
-878
-5010
-3115
1348
-5194
7520
-1291
-1
1666
4828
1664
-5334
6489
8305
1182
8336
8262
7344
2032
-4200
-3967
7993
-5271
9045
8348
-1120
-2441
-1942
2681
-9706
-7629
-8197
-995
-744
6872
3811
496
-4420
-2470
-7839
-5871
-7085
549
-5662
-8781
-4549
-3606
9481
-7206
8427
-4720
-1172
-9861
3730
-2128
8487
-3670
9153
265
9012
9447
2636
-5465
2172
-4388
-8594
-297
9830
-3014
7234
-8010
4836
-9852
6260
9174
-4912
-8290
-4432
-5432
-5495
-2285
3569
3333
-2146
-2701
-5075
-3659
3629
-5923
-9674
6361
-2756
2963
-9105
-6864
-7705
-7699
2840
-7876
3009
3794
-2164
-2156
7663
-5905
739
-7250
-4194
6307
-2682
4032
-2258
-5393
1085
5596
1906
6010
-4343
-744
-6192
-4016
-4384
1052
-7333
-3488
4189
-5038
-1187
749
-2913
-8179
-5458
4923
3387
-7796
-7262
-5875
-1325
2265
-5848
9714
-3704
1894
-5680
-8899
-2511
9948
-9168
6868
-797
-5360
-7149
4819
9413
-4482
-4949
3601
4201
7586
-1930
-4992
9407
2612
9931
6514
8537
-3610
-5641
-2789
8655
-1489
-3076
-1328
-5875
1245
-227
5336
1192
605
2203
-5885
5245
8775
8934
4658
-5708
-2294
1979
-7787
-4709
-9951
-2778
-1582
6382
873
-5068
4919
7263
-709
-7871
5918
-8477
2775
-1690
-4352
-2260
8083
-5296
8932
2409
6907
-6954
1374
5681
-4300
-248
-6307
3406
-8269
-4093
-7583
-4499
6850
836
-8118
-2278
9489
-9479
-1294
-1221
-3628
-1656
4023
9147
6654
-6608
-3114
8457
-1904
-462
865
-4997
6305
-7761
-5596
-4275
1991
1819
-7148
7443
-8554
-4731
-3336
8296
6105
-1453
-3983
5593
2789
8444
-1907
9161
-3213
-7885
8307
-6560
-4493
-1087
-8103
7325
8451
6483
-7673
4755
-7558
452
-5799
4434
-7730
-2947
5597
-6284
2322
-7739
-7989
2148
4529
1750
-2260
-2683
193
9554
199
6981
-4610
-1495
-5859
4618
-8861
-241
1942
-6690
-3758
7990
8066
-1316
-1558
-7734
-3162
712
3040
-3844
8150
-4639
-1583
-9840
7509
-3334
5631
-1030
7704
-455
-1477
-2098
246
7634
6408
4387
2252
-8733
-5854
-5807
-5423
388
-4096
-3637
-7208
4346
2350
-369
-1222
-4611
5787
-3073
751
-2076
809
-1741
4590
-3561
-9051
6014
5984
-527
-6084
-3771
-2894
-5956
-5663
-6922
-4689
2204
993
-112
-3688
6897
9973
-896
1242
2322
-7545
-6260
7712
8242
668
2183
-114
-8524
-5838
-1804
1636
-4888
-5790
1341
8306
-1874
-8710
-868
2170
-4373
2211
-8799
-8449
-6797
4810
-2137
-9901
4782
6968
5062
-2896
9423
8802
-1464
-8615
-531
-9282
4992
4666
-5120
-6812
23
-8
1119
-8637
2018
9245
-7347
-8850
5135
2002
3361
-9944
3553
6564
4866
-8584
-9617
-352
-7896
5445
-9528
-4753
7967
-992
353
-2564
-274
-4655
-4178
8327
2254
5845
2040
-6628
7208
-5943
-3663
-6418
-4793
-4808
9305
8568
-4752
2857
8852
-6166
7994
-7045
3482
-6182
-7880
7675
2787
-9913
-3318
-6861
-2477
-9872
2205
7066
8456
-1821
6632
495
5272
7560
4552
-4671
-8859
9760
521
-5834
-7953
9490
7024
-5380
-6676
8738
-2425
-9474
-3723
-304
-8078
9064
3504
-1396
-4077
-8974
-1267
8129
-8188
-2812
28
8444
7683
-4700
6004
5955
629
-9135
5714
-5129
-4968
-8518
-5640
-4224
-177
1405
-1766
-8882
5653
4511
814
7575
7295
-5683
-101
-6782
-936
8632
-4933
4598
-460
5095
6762
943
-9606
2765
-3102
4745
7352
-3668
9616
-7617
1535
-2304
-1841
-8643
-7178
-9887
-7524
-7805
4625
7011
-6510
1919
-4951
3389
5137
7834
5742
-6076
2431
-998
9020
-807
9946
-6866
-4322
-3157
7879
-6971
6896
-8786
-4588
-1569
2632
7292
-212
9175
7406
2264
-8631
5751
-725
-1420
-2331
4324
-4311
-3473
5878
-4849
451
-1691
4154
3191
-8778
4099
6326
-3100
-5338
7925
-70
-8443
-7140
9063
-12
5492
6355
-6503
8387
7481
9482
-6524
3231
-1244
2056
-5380
-3200
7745
4868
-7322
-3383
-4681
4708
-9230
8510
5930
8590
8556
-7171
-6749
6481
6480
-1471
9341
5543
-7762
8553
1897
-4265
6939
3098
-4784
-9586
-3672
7694
6191
948
-1786
7656
-4184
4613
-5728
4856
-680
-4958
7086
-1030
-6369
5642
5521
603
5843
2000
9133
8904
-2458
-8630
-8824
-6841
826
-8165
6257
9763
-7751
-7416
7456
-7840
7254
-4330
9816
-3210
-5997
-5912
-8355
3324
2851
-7549
-7707
6483
8093
7814
806
7656
3535
-62
-9721
-8924
5029
-8545
-5764
-4146
-6710
-5787
-4383
-740
519
-3207
1420
-2228
6184
1236
4562
-9813
9045
9928
3511
1895
-7622
9525
2098
-5808
-8941
-7096
-8153
4594
6563
-4152
9391
1592
-2697
-2653
-8834
4315
1561
-3217
-2705
-7921
7298
8716
-149
3481
3672
-1867
3668
6437
-1940
899
-1669
438
424
-5850
8351
5204
775
-9802
-203
-2663
-233
-813
8929
-9210
6535
-9905
5105
1816
599
-7600
3895
1617
-5164
-2534
-4902
-7772
9320
8766
8665
1100
-335
716
-8463
-6191
4866
9889
9013
-4360
-6193
2530
6699
3574
-4563
5627
4364
-4308
9443
3190
7508
3763
9311
5123
-900
-2133
-3691
4198
95
-4372
6685
2480
6728
70
-6805
-8014
3879
-8218
-4405
6612
1143
3123
-859
-2159
417
4578
-2811
-5220
-9730
352
-8310
7778
-2165
-5279
6622
6936
2588
-7070
1133
-7318
-1441
-2183
5162
-993
-8393
-7922
993
5486
-2419
-9692
2097
8724
3431
-8763
286
-6153
5816
-8805
2349
9807
1547
7760
7584
9383
-7519
4205
6318
5069
-9144
1171
-8528
-585
-7291
-9646
-7858
-5684
-7568
6857
-6477
3734
7165
5620
2458
596
-9422
-3536
8164
-9886
-2341
512
9921
-7074
-1728
-8776
-7692
753
9151
-7654
-4179
-9994
7239
-2707
3142
9948
-2352
5284
-2016
3801
2140
1507
-2465
3026
848
-6287
-6379
5147
3898
-4495
5261
-8444
6018
8902
-5518
-1990
-9875
512
8763
-7004
6579
-1696
-3277
3817
9319
9865
7485
687
8870
-810
-1792
4730
-5583
5743
1476
5265
-6824
5097
411
7074
-9398
-608
-7650
-9660
-1707
554
-1650
2140
-8935
833
8857
-8636
-7143
-4420
5182
-4104
-835
6387
6583
1755
-4424
-1488
-3515
-6
-2025
7961
-1021
1152
6779
-6889
1946
-8899
6224
4297
-4838
-5483
-5150
7233
-9623
-364
1786
9234
1000
4643
-1466
-98
-5740
7700
10
-5437
-546
9307
3075
9660
3021
-8950
-8659
-8000
5923
-8160
-1168
-2132
-3338
-4945
-4115
1824
3293
735
2777
3670
-5909
-5438
6625
8813
-7075
-1121
-1286
-2815
-3422
-7556
1749
9754
-8249
-5177
-6867
4772
-406
-1805
-9508
-4484
35
-676
3385
-9583
8101
9270
5962
1393
3726
-1262
-1216
-8463
3300
-871
-9651
6226
8008
2785
-6590
-1693
5229
8880
1781
6980
-6297
8635
5473
3297
-3170
5965
-7466
-9415
-990
5919
-8997
831
8909
6965
-4056
6355
-576
4728
7893
-7277
-2423
8242
-7331
-4415
1026
-199
7613
-3745
-1320
3114
-3045
2383
1748
-3852
-599
-7702
-7887
1935
-7116
4844
1574
-2392
-605
4203
-1707
5339
558
7717
67
2171
-5839
-8636
412
-3170
670
-4841
6631
-1718
5135
-4689
-4884
-4190
-8586
6865
1959
815
9163
7793
-3530
-4233
2636
8044
3375
-4249
5968
-8332
-8911
-3475
-6895
4877
-7584
-2734
6242
6549
4097
-3089
-8293
4448
8915
6842
9759
-5970
-7348
-5106
-9106
8332
5709
-6222
6124
-4100
-455
2480
-2336
-3359
8231
-6369
2030
9320
3877
5135
4197
6293
-3878
438
2842
-6061
-8931
4549
8387
9984
5112
-8134
-5986
-8516
-3240
-1371
9816
-3811
2407
5939
2089
-4327
-1582
9754
2314
-3352
-6616
-1936
-312
-9018
-3081
-2395
7275
3041
-8237
116
6980
-7167
-1614
9088
-7184
-2782
-9047
551
-1298
1434
9181
2238
7623
5308
1897
3433
-9020
-5965
6907
7015
4404
-5989
-1201
-5909
-5007
5719
1697
-7732
2480
3460
6105
3181
-9987
-5510
2268
-3449
5429
6942
7102
-5870
-1625
-9998
-9912
-282
5311
1985
-6850
-9989
6020
-6223
-9253
4144
-2211
-454
8236
2782
-1015
3653
8771
-8535
833
4876
4646
847
-6914
634
-8882
8516
-2425
8220
-3634
9671
-8057
-3545
-612
7254
-7840
6260
-9015
-8099
-9964
-8268
6045
-2175
1279
8001
-5672
-6016
1653
-6902
-4551
-7514
-8306
-6185
7054
-5219
4449
8172
-6704
-7977
-9889
-338
-8307
-7946
9838
4803
9308
-4281
1062
-5986
-2380
1098
-4254
-2615
-7356
-9255
-4614
-3028
-5270
7039
3791
179
-6755
5486
3995
-5981
-9734
2164
-7810
-2717
4188
-3977
-9335
9602
-1923
-9497
4404
1106
-3778
-4535
5120
7563
-9716
-9135
-5053
-7072
-4668
4054
3621
62
4814
-2589
-9760
8059
-3383
7956
-7922
-3117
120
-2011
4166
-1972
7733
8553
-2371
-4190
9056
-4246
6916
-1002
4940
5756
281
5224
-9659
5228
-8128
-4327
-718
9214
5735
-5905
346
9697
-4126
6963
-8628
1673
-2433
5213
-6617
-4547
-6760
-8885
-5995
4591
-3075
-6940
-9656
-2439
5779
5284
-2963
-3941
4229
-2621
-4992
9822
6773
8011
9036
6229
-4174
-619
5925
1700
64
-8983
-2906
7631
6231
477
-6916
-6809
5313
-2911
7782
-4041
3871
-8154
7241
3370
-9149
-5722
9430
5080
5378
-5563
4901
2150
-7553
7657
2099
1994
-2963
-1977
-6307
7102
-959
4508
4732
-1008
-1295
-8464
2183
-5982
2347
-35
-23
-3783
5532
938
9587
6383
8937
-7264
5183
4314
894
84
185
7062
-2260
-7717
-945
8499
4028
6470
9321
-3211
977
7773
5781
9683
9310
1684
-2579
1656
-8352
-8882
-8407
-9099
2056
-5100
7284
993
1358
2467
-973
-7749
-3729
9212
9314
7732
-4784
2089
9951
-7036
-1442
9271
-247
9536
7044
-746
-7062
-9927
-9063
359
5450
-3693
1477
-9237
-2792
-6468
-4337
-1788
8246
-9259
-5601
-2727
-7007
670
205
-3973
2123
5421
8116
2073
-7895
-3326
1344
1858
-70
2108
-5168
2868
2181
-4230
-3053
1351
5798
-7856
2114
-3274
-4324
-8503
4938
-2357
-7761
9338
4916
-4768
3728
-4880
4980
-4150
-5738
3095
-8356
88
-6511
6709
-8054
7140
-1184
499
3728
-5283
9990
-9326
6068
5787
-7182
1902
-7488
2216
3399
7451
9859
5638
-9492
8495
-5410
4236
-2665
9570
-6193
5318
6386
-4549
-4594
9875
-4120
1073
7015
8417
-8429
742
-6867
-8439
5138
-7079
-8932
-8324
4823
-6419
3892
1942
-5248
7471
-2420
-4740
9686
5891
-6784
-2979
5461
744
-7662
1846
9916
1465
5441
-4205
-7463
6176
-5789
-2170
639
1065
3112
-4224
7707
4180
-2548
6250
7761
-4935
-1808
-3767
-3744
9493
5214
-4058
5383
-7849
6684
4564
2895
9022
-3591
2811
4208
-4429
-7674
6745
-8254
-3462
-5426
2385
-8677
-8594
-8119
9031
5587
3055
9001
7068
8120
-2808
-6699
-5625
405
-7765
4038
-4212
-5614
721
-9649
7282
3464
482
92
-2329
9774
2418
-1864
-8481
-7324
6432
7626
-2279
7838
9507
-3249
3424
2561
-528
492
4401
-9615
7514
-7503
790
9749
6535
-9702
-5865
-2744
-9350
-4863
-5560
4853
8950
2111
4626
5088
-9754
9866
7765
6678
7491
-4515
4516
-9282
5957
-2061
7000
-851
-7849
5122
-466
9665
7619
-9676
-6866
7874
-9378
-2731
-1150
-5007
6127
3290
-6434
5076
-4600
8192
163
-632
-8222
1648
-3955
-7011
-9147
-5719
-6293
-9470
5942
-5572
-320
8093
9550
9214
-8522
-9112
-6742
-5388
8762
-6119
5602
1333
2595
1728
-5378
6162
-3197
3744
8074
6966
-6889
9852
-1386
2877
-7159
3188
7159
269
3719
3100
8418
-6602
4913
-8313
-7389
6391
-7425
-4130
-8998
-4942
3472
6604
6391
-213
-1669
-8988
-4052
8855
8477
-2257
9542
-4692
1315
-1845
8186
7877
-8658
9065
-1854
8782
2164
284
-7821
-2924
1972
-1488
-6533
8268
8103
-1810
-6675
1574
-1485
9716
-8640
-9434
-5551
1030
9422
-3354
8773
8963
1955
87
838
140
-2036
5901
-796
9831
4683
-4912
114
-9418
5885
-4194
-906
-6928
-5926
-2804
1263
1120
-7510
9778
4557
-6149
-9657
9006
8602
-6515
-628
-8906
-7553
-8674
1181
7006
5187
-7135
2907
-5610
-7305
1310
3199
6531
1892
-916
-3943
-9014
2156
131
1903
-2861
-5028
4394
637
9529
-8035
4702
-7746
-9434
8187
1626
-8340
-5645
2953
6562
-8640
-1861
9428
7988
6251
-4157
3018
-551
-3906
-5090
-7747
2152
-383
4410
-3997
-8481
-4731
975
9634
5907
503
-8402
608
2757
-4115
2515
