1000
274
278
576
-778
529
-220
-789
162
530
-867
-787
168
-353
949
824
316
-478
645
61
-781
470
-263
-376
268
-535
775
610
593
-707
-654
-872
567
181
704
346
-291
-960
558
428
571
248
641
-705
895
590
-882
211
669
321
829
888
-210
-435
-489
615
30
843
224
-820
-865
127
-692
703
-692
570
-395
-426
610
-838
-998
-263
-32
200
32
-138
-654
-292
630
-986
-972
15
902
-182
581
971
990
-833
813
213
905
949
897
-787
208
762
340
370
-664
-494
533
-662
244
-943
95
-725
-524
442
-460
-894
456
-432
-322
-85
-57
-742
-558
-68
984
812
702
888
317
156
658
-476
-83
-3
895
253
504
-16
148
-696
41
-757
-421
74
242
-323
-263
-746
245
416
-274
746
231
168
-766
214
-20
494
-341
-704
-351
-684
-622
566
-129
830
-624
932
-630
524
-765
-32
324
-629
-959
-878
48
-221
-623
-707
-806
-340
596
425
829
830
-804
-635
323
-145
-782
972
171
-404
95
599
983
471
530
-648
-449
765
320
433
-864
362
555
184
-860
489
34
892
-851
-371
316
535
-984
512
900
339
924
675
-132
95
829
963
-307
811
-10
781
721
541
545
40
-470
681
-599
-915
-578
-902
131
13
990
280
200
-137
-629
216
932
828
-446
856
503
-21
-493
331
-59
-243
-302
488
-463
-582
-414
-918
459
116
320
417
-242
299
73
890
-688
-381
-274
512
482
98
-716
414
-75
-162
-174
985
375
-110
-128
873
647
571
361
742
546
947
824
-439
-381
-300
979
378
557
-392
-176
869
227
550
-63
-291
-796
221
680
-313
616
-938
-772
-10
-48
101
-137
-402
-772
781
-661
774
727
720
-665
903
978
871
280
534
-965
-897
-41
262
211
896
528
-28
116
207
216
-712
-174
445
279
778
-898
699
934
-670
36
830
661
-681
107
996
-779
-359
423
502
-826
458
162
133
-723
930
-415
805
-541
258
-431
675
546
395
119
-619
-270
221
637
-780
108
-328
-951
-231
-9
-287
-679
-230
354
302
-729
85
-241
-10
775
36
-523
917
-602
-64
174
-33
-390
-723
919
287
-785
-352
-936
410
-132
173
-919
-525
942
-370
-255
-738
-43
657
564
-215
-259
881
775
-927
-527
-749
990
-572
-256
164
395
355
-2
-129
-802
213
519
-738
-378
945
435
-739
977
-67
-552
-279
-247
405
-623
874
747
-324
754
521
-251
785
330
-262
-788
-927
459
165
-15
-987
-965
183
227
111
446
406
-388
-563
224
-412
371
229
-133
-877
-810
-199
997
937
477
308
15
783
-351
902
-922
-139
975
94
583
-483
108
618
257
892
-714
-741
297
-102
-303
-922
487
625
-136
911
305
55
-289
-142
-452
746
723
563
85
-629
464
163
-210
-4
-743
-628
513
-78
548
-674
-187
834
-414
667
-269
-160
302
775
-536
-834
685
326
221
954
-817
769
699
907
-111
-660
-723
-648
504
-376
348
318
-3
-583
797
-456
-699
-391
935
-113
833
-778
727
135
998
748
301
239
73
-922
192
-187
404
-553
-281
-708
-212
-446
-798
849
178
107
-277
732
82
-481
833
383
-315
767
827
-483
990
110
652
544
-143
-491
-218
487
-413
532
857
549
979
-424
398
-677
-313
600
729
422
-736
-549
154
346
-473
-14
-715
212
-690
-889
287
857
221
-62
400
635
5
739
-322
592
270
-466
-303
-194
-333
-905
129
354
695
-585
-667
959
-134
487
-139
-49
-971
146
-838
897
-186
6
753
-966
502
-291
226
-494
-995
904
-903
275
996
-648
-920
-338
-553
-233
574
699
182
907
658
605
-50
-925
-445
-21
-221
-725
-124
593
-162
-815
628
-661
-548
-590
-155
-543
-686
-500
289
867
-148
-73
-472
299
694
-899
-3
-568
565
-789
594
-486
-713
707
51
66
539
484
-342
-624
669
843
-284
678
-747
561
-866
-876
-940
424
991
-88
908
-925
-790
601
735
-235
590
299
-24
-260
371
-180
-554
-579
443
985
905
659
-639
130
501
77
-192
311
-363
-501
-8
-302
480
-461
167
387
-385
378
-456
907
-858
-867
-238
-325
-126
-868
496
320
-447
-62
-138
-986
-404
223
145
655
-701
510
-478
-507
-992
515
-252
489
611
916
-125
-775
293
420
689
-8
110
-549
667
984
-417
-281
-139
-306
658
723
-292
811
-498
853
465
-642
362
545
-149
-72
59
600
-584
-331
515
-152
-548
-636
-733
-860
356
-65
-409
-421
-525
-268
-144
336
426
-930
-385
-867
881
-326
544
-97
32
-538
-553
884
390
63
483
363
289
-446
-789
741
-82
-965
439
831
-30
587
967
446
-682
-178
-662
744
-108
-489
435
-670
185
-22
233
-783
440
680
658
-613
-701
-303
750
588
251
518
-114
726
554
-676
556
-920
468
79
526
787
902
422
87
-650
933
-479
-320
117
499
913
-109
-504
149
-452
-560
5
245
-811
-407
-948
265
479
778
-182
360
-110
-102
-173
970
982
-830
428
403
258
778
335
336
-542
-992
-165
928
-543
-112
-366
5
328
639
808
74
789
860
-662
-176
195
-287
-817
-916
612
-432
-947
150
-705
481
-448
110
-184
444
-554
274
9
-162
-242
466
283
392
-972
-390
-412
836
241
-624
252
580
-242
-997
-708
-502
-912
461
66
699
-390
-81
180
-281
-972
553
720
-969
-174
-271
-574
141
-806
709
-910
780
