396157
202167
-998
-997
-995
-992
-992
-987
-986
-986
-984
-972
-972
-972
-971
-969
-966
-965
-965
-965
-960
-959
-951
-948
-947
-943
-940
-938
-936
-930
-927
-927
-925
-925
-922
-922
-922
-920
-920
-919
-918
-916
-915
-912
-910
-905
-903
-902
-899
-898
-897
-894
-889
-882
-878
-877
-876
-872
-868
-867
-867
-867
-866
-865
-864
-860
-860
-858
-851
-838
-838
-834
-833
-830
-826
-820
-817
-817
-815
-811
-810
-806
-806
-804
-802
-798
-796
-790
-789
-789
-789
-788
-787
-787
-785
-783
-782
-781
-780
-779
-778
-778
-775
-772
-772
-766
-765
-757
-749
-747
-746
-743
-742
-741
-739
-738
-738
-736
-733
-729
-725
-725
-723
-723
-723
-716
-715
-714
-713
-712
-708
-708
-707
-707
-705
-705
-704
-701
-701
-699
-696
-692
-692
-690
-688
-686
-684
-682
-681
-679
-677
-676
-674
-670
-670
-667
-665
-664
-662
-662
-662
-661
-661
-660
-654
-654
-650
-648
-648
-648
-642
-639
-636
-635
-630
-629
-629
-629
-628
-624
-624
-624
-623
-623
-622
-619
-613
-602
-599
-590
-585
-584
-583
-582
-579
-578
-574
-572
-568
-563
-560
-558
-554
-554
-553
-553
-553
-552
-549
-549
-548
-548
-543
-543
-542
-541
-538
-536
-535
-527
-525
-525
-524
-523
-507
-504
-502
-501
-500
-498
-494
-494
-493
-491
-489
-489
-486
-483
-483
-481
-479
-478
-478
-476
-473
-472
-470
-466
-463
-461
-460
-456
-456
-452
-452
-449
-448
-447
-446
-446
-446
-445
-439
-435
-432
-432
-431
-426
-424
-421
-421
-417
-415
-414
-414
-413
-412
-412
-409
-407
-404
-404
-402
-395
-392
-391
-390
-390
-390
-388
-385
-385
-381
-381
-378
-376
-376
-371
-370
-366
-363
-359
-353
-352
-351
-351
-342
-341
-340
-338
-333
-331
-328
-326
-325
-324
-323
-322
-322
-320
-315
-313
-313
-307
-306
-303
-303
-303
-302
-302
-300
-292
-292
-291
-291
-291
-289
-287
-287
-284
-281
-281
-281
-279
-277
-274
-274
-271
-270
-269
-268
-263
-263
-263
-262
-260
-259
-256
-255
-252
-251
-247
-243
-242
-242
-242
-241
-238
-235
-233
-231
-230
-221
-221
-220
-218
-215
-212
-210
-210
-199
-194
-192
-187
-187
-186
-184
-182
-182
-180
-178
-176
-176
-174
-174
-174
-173
-165
-162
-162
-162
-160
-155
-152
-149
-148
-145
-144
-143
-142
-139
-139
-139
-138
-138
-137
-137
-136
-134
-133
-132
-132
-129
-129
-128
-126
-125
-124
-114
-113
-112
-111
-110
-110
-109
-108
-102
-102
-97
-88
-85
-83
-82
-81
-78
-75
-73
-72
-68
-67
-65
-64
-63
-62
-62
-59
-57
-50
-49
-48
-43
-41
-33
-32
-32
-30
-28
-24
-22
-21
-21
-20
-16
-15
-14
-10
-10
-10
-9
-8
-8
-4
-3
-3
-3
-2
5
5
5
6
9
13
15
15
30
32
32
34
36
36
40
41
48
51
55
59
61
63
66
66
73
73
74
74
77
79
82
85
85
87
94
95
95
95
98
101
107
107
108
108
110
110
110
111
116
116
117
119
127
129
130
131
133
135
141
145
146
148
149
150
154
156
162
162
163
164
165
167
168
168
171
173
174
178
180
181
182
183
184
185
192
195
200
200
207
208
211
211
212
213
213
214
216
216
221
221
221
221
223
224
224
226
227
227
229
231
233
239
241
242
244
245
245
248
251
252
253
257
258
258
262
265
268
270
274
274
275
278
279
280
280
283
287
287
289
289
293
297
299
299
299
301
302
302
305
308
311
316
316
317
318
320
320
320
321
323
324
326
328
330
331
335
336
336
339
340
346
346
348
354
354
355
356
360
361
362
362
363
370
371
371
375
378
378
383
387
390
392
395
395
398
400
403
404
405
406
410
414
416
417
420
422
422
423
424
425
426
428
428
433
435
435
439
440
442
443
444
445
446
446
456
458
459
459
461
464
465
466
468
470
471
477
479
480
481
482
483
484
487
487
487
488
489
489
494
496
499
501
502
502
503
504
504
510
512
512
513
515
515
518
519
521
524
526
528
529
530
530
532
533
534
535
539
541
544
544
545
545
546
546
548
549
550
553
554
555
556
557
558
561
563
564
565
566
567
570
571
571
574
576
580
581
583
587
588
590
590
592
593
593
594
596
599
600
600
601
605
610
610
611
612
615
616
618
625
628
630
635
637
639
641
645
647
652
655
657
658
658
658
658
659
661
667
667
669
669
675
675
678
680
680
681
685
689
694
695
699
699
699
699
702
703
704
707
709
720
720
721
723
723
726
727
727
729
732
735
739
741
742
744
746
746
747
748
750
753
754
762
765
767
769
774
775
775
775
775
778
778
778
780
781
781
783
785
787
789
797
805
808
811
811
812
813
824
824
827
828
829
829
829
830
830
830
831
833
833
834
836
843
843
849
853
856
857
857
860
867
869
871
873
874
881
881
884
888
888
890
892
892
895
895
896
897
897
900
902
902
902
903
904
905
905
907
907
907
908
911
913
916
917
919
924
928
930
932
932
933
934
935
937
942
945
947
949
949
954
959
963
967
970
971
972
975
977
978
979
979
982
983
984
984
985
985
990
990
990
990
991
996
996
997
998
