40177504
20619148
-10000
-9998
-9998
-9997
-9996
-9995
-9995
-9994
-9991
-9989
-9989
-9988
-9987
-9987
-9986
-9985
-9985
-9983
-9981
-9978
-9976
-9973
-9969
-9965
-9964
-9962
-9954
-9951
-9944
-9942
-9940
-9939
-9935
-9932
-9931
-9927
-9926
-9925
-9924
-9920
-9914
-9913
-9913
-9912
-9912
-9908
-9906
-9905
-9905
-9902
-9901
-9900
-9894
-9891
-9889
-9889
-9888
-9887
-9886
-9880
-9879
-9878
-9875
-9872
-9868
-9868
-9861
-9859
-9859
-9855
-9854
-9852
-9851
-9844
-9843
-9841
-9840
-9838
-9837
-9835
-9834
-9834
-9833
-9830
-9828
-9828
-9827
-9826
-9825
-9824
-9823
-9816
-9815
-9813
-9813
-9809
-9809
-9802
-9802
-9800
-9800
-9798
-9796
-9792
-9792
-9791
-9788
-9787
-9786
-9786
-9785
-9784
-9781
-9779
-9779
-9778
-9774
-9773
-9773
-9766
-9762
-9760
-9755
-9754
-9754
-9748
-9741
-9740
-9737
-9734
-9732
-9730
-9730
-9728
-9728
-9727
-9725
-9722
-9721
-9718
-9716
-9716
-9714
-9713
-9708
-9706
-9706
-9706
-9702
-9701
-9698
-9696
-9695
-9692
-9692
-9692
-9688
-9688
-9685
-9684
-9676
-9675
-9674
-9673
-9673
-9668
-9665
-9663
-9663
-9661
-9660
-9659
-9657
-9656
-9651
-9649
-9647
-9646
-9645
-9644
-9639
-9632
-9632
-9625
-9623
-9621
-9620
-9618
-9617
-9617
-9616
-9615
-9615
-9614
-9606
-9605
-9599
-9599
-9597
-9592
-9590
-9590
-9589
-9588
-9588
-9586
-9583
-9583
-9579
-9576
-9569
-9568
-9568
-9561
-9557
-9553
-9553
-9551
-9550
-9550
-9550
-9548
-9545
-9541
-9538
-9537
-9533
-9532
-9530
-9528
-9523
-9523
-9521
-9518
-9517
-9517
-9515
-9513
-9513
-9511
-9510
-9509
-9508
-9501
-9501
-9500
-9498
-9497
-9492
-9484
-9482
-9482
-9480
-9480
-9479
-9474
-9474
-9471
-9470
-9468
-9468
-9467
-9467
-9463
-9462
-9462
-9460
-9458
-9458
-9454
-9450
-9449
-9449
-9449
-9445
-9444
-9440
-9435
-9434
-9434
-9434
-9433
-9430
-9427
-9427
-9427
-9425
-9424
-9422
-9422
-9420
-9420
-9419
-9418
-9415
-9413
-9413
-9411
-9400
-9399
-9398
-9397
-9393
-9390
-9389
-9388
-9388
-9388
-9385
-9384
-9384
-9384
-9380
-9378
-9373
-9367
-9367
-9360
-9353
-9352
-9350
-9349
-9347
-9345
-9344
-9341
-9337
-9336
-9335
-9328
-9328
-9326
-9326
-9323
-9320
-9317
-9316
-9311
-9310
-9308
-9308
-9306
-9303
-9302
-9300
-9299
-9296
-9294
-9294
-9293
-9293
-9291
-9288
-9287
-9285
-9282
-9282
-9280
-9279
-9277
-9275
-9274
-9271
-9271
-9266
-9264
-9263
-9263
-9261
-9259
-9257
-9255
-9254
-9253
-9249
-9247
-9247
-9244
-9241
-9238
-9238
-9237
-9237
-9230
-9229
-9228
-9227
-9226
-9223
-9222
-9220
-9219
-9214
-9210
-9209
-9208
-9208
-9208
-9205
-9205
-9198
-9196
-9196
-9193
-9190
-9185
-9185
-9184
-9184
-9177
-9176
-9175
-9170
-9169
-9168
-9168
-9166
-9163
-9163
-9161
-9160
-9157
-9157
-9156
-9156
-9156
-9155
-9154
-9154
-9153
-9149
-9147
-9144
-9144
-9144
-9141
-9138
-9137
-9136
-9135
-9135
-9131
-9128
-9125
-9124
-9124
-9119
-9118
-9115
-9115
-9114
-9112
-9110
-9107
-9106
-9106
-9106
-9105
-9103
-9102
-9101
-9100
-9100
-9099
-9086
-9082
-9077
-9077
-9076
-9072
-9064
-9064
-9063
-9062
-9057
-9056
-9055
-9052
-9051
-9051
-9049
-9047
-9046
-9045
-9045
-9042
-9037
-9037
-9032
-9031
-9024
-9022
-9021
-9020
-9018
-9017
-9015
-9014
-9008
-9008
-9007
-9006
-9006
-9005
-9002
-8998
-8998
-8997
-8997
-8988
-8984
-8983
-8977
-8977
-8977
-8975
-8974
-8974
-8973
-8971
-8969
-8968
-8967
-8966
-8965
-8964
-8963
-8961
-8958
-8958
-8958
-8953
-8950
-8943
-8941
-8941
-8939
-8938
-8938
-8935
-8932
-8931
-8927
-8926
-8925
-8924
-8922
-8921
-8920
-8918
-8917
-8917
-8913
-8912
-8911
-8910
-8909
-8906
-8905
-8903
-8902
-8899
-8899
-8892
-8888
-8887
-8885
-8883
-8882
-8882
-8882
-8879
-8875
-8868
-8868
-8866
-8865
-8864
-8863
-8863
-8863
-8861
-8861
-8859
-8856
-8853
-8851
-8850
-8847
-8846
-8837
-8835
-8834
-8834
-8832
-8829
-8824
-8820
-8819
-8816
-8811
-8811
-8806
-8806
-8805
-8804
-8804
-8801
-8799
-8799
-8798
-8796
-8791
-8789
-8787
-8787
-8786
-8785
-8785
-8783
-8782
-8781
-8781
-8781
-8778
-8776
-8772
-8770
-8769
-8769
-8763
-8762
-8758
-8755
-8752
-8748
-8748
-8746
-8745
-8743
-8739
-8738
-8733
-8733
-8729
-8728
-8725
-8722
-8721
-8721
-8720
-8715
-8714
-8713
-8710
-8710
-8708
-8707
-8704
-8702
-8702
-8701
-8692
-8692
-8692
-8684
-8683
-8683
-8683
-8680
-8679
-8679
-8679
-8678
-8678
-8677
-8675
-8674
-8673
-8672
-8669
-8666
-8663
-8660
-8659
-8659
-8658
-8650
-8649
-8647
-8645
-8643
-8640
-8640
-8637
-8636
-8636
-8636
-8636
-8632
-8631
-8631
-8630
-8630
-8629
-8628
-8627
-8624
-8624
-8623
-8623
-8622
-8622
-8622
-8620
-8619
-8615
-8614
-8610
-8605
-8603
-8603
-8601
-8600
-8597
-8594
-8594
-8594
-8587
-8586
-8586
-8584
-8583
-8578
-8575
-8575
-8573
-8573
-8572
-8568
-8568
-8567
-8554
-8550
-8545
-8541
-8538
-8536
-8536
-8535
-8534
-8528
-8527
-8524
-8522
-8519
-8518
-8517
-8516
-8514
-8512
-8505
-8505
-8504
-8503
-8502
-8499
-8498
-8495
-8491
-8488
-8483
-8481
-8481
-8480
-8479
-8478
-8478
-8477
-8476
-8472
-8471
-8470
-8470
-8469
-8464
-8464
-8463
-8463
-8462
-8460
-8459
-8456
-8454
-8454
-8453
-8449
-8449
-8448
-8445
-8444
-8443
-8439
-8439
-8437
-8431
-8429
-8428
-8425
-8423
-8422
-8419
-8418
-8417
-8409
-8407
-8407
-8406
-8403
-8403
-8402
-8401
-8400
-8399
-8395
-8393
-8393
-8392
-8392
-8389
-8389
-8389
-8386
-8385
-8382
-8382
-8381
-8379
-8368
-8364
-8364
-8363
-8357
-8356
-8356
-8355
-8354
-8354
-8354
-8352
-8351
-8350
-8344
-8343
-8342
-8340
-8340
-8340
-8339
-8336
-8335
-8332
-8330
-8330
-8325
-8324
-8323
-8321
-8317
-8313
-8312
-8312
-8310
-8309
-8307
-8306
-8306
-8306
-8303
-8302
-8300
-8299
-8299
-8297
-8293
-8290
-8290
-8289
-8287
-8287
-8286
-8274
-8273
-8272
-8270
-8270
-8270
-8269
-8269
-8268
-8268
-8268
-8267
-8263
-8263
-8261
-8259
-8256
-8254
-8254
-8253
-8250
-8249
-8249
-8247
-8245
-8243
-8243
-8237
-8236
-8234
-8233
-8230
-8227
-8224
-8223
-8222
-8221
-8218
-8217
-8208
-8208
-8207
-8201
-8201
-8197
-8197
-8197
-8195
-8191
-8188
-8188
-8183
-8183
-8179
-8179
-8177
-8177
-8176
-8171
-8170
-8168
-8167
-8165
-8164
-8163
-8160
-8159
-8156
-8155
-8154
-8153
-8153
-8151
-8150
-8149
-8147
-8138
-8137
-8135
-8134
-8131
-8129
-8128
-8125
-8122
-8120
-8120
-8119
-8118
-8118
-8117
-8116
-8114
-8109
-8109
-8107
-8105
-8103
-8101
-8099
-8097
-8093
-8089
-8087
-8078
-8075
-8072
-8072
-8070
-8070
-8069
-8066
-8065
-8063
-8062
-8057
-8057
-8055
-8054
-8053
-8052
-8048
-8046
-8046
-8040
-8035
-8020
-8015
-8015
-8014
-8014
-8011
-8010
-8004
-8003
-8000
-8000
-7999
-7997
-7996
-7995
-7995
-7991
-7989
-7989
-7985
-7977
-7974
-7973
-7963
-7961
-7957
-7954
-7953
-7953
-7949
-7947
-7946
-7946
-7946
-7945
-7942
-7934
-7932
-7928
-7925
-7924
-7924
-7922
-7922
-7921
-7920
-7910
-7907
-7906
-7906
-7906
-7905
-7904
-7903
-7902
-7901
-7900
-7899
-7897
-7896
-7895
-7894
-7893
-7893
-7890
-7889
-7889
-7887
-7885
-7884
-7880
-7880
-7880
-7878
-7876
-7875
-7875
-7871
-7868
-7867
-7864
-7858
-7856
-7855
-7850
-7849
-7849
-7849
-7841
-7841
-7840
-7840
-7839
-7836
-7834
-7833
-7833
-7833
-7828
-7826
-7824
-7821
-7819
-7814
-7814
-7810
-7810
-7809
-7805
-7804
-7803
-7803
-7801
-7801
-7798
-7798
-7796
-7789
-7787
-7786
-7784
-7780
-7776
-7774
-7772
-7770
-7769
-7766
-7765
-7763
-7763
-7762
-7761
-7761
-7756
-7755
-7751
-7749
-7747
-7747
-7747
-7746
-7746
-7742
-7741
-7739
-7738
-7738
-7734
-7732
-7731
-7731
-7730
-7729
-7729
-7723
-7721
-7719
-7719
-7718
-7717
-7708
-7707
-7705
-7704
-7702
-7699
-7697
-7692
-7690
-7688
-7685
-7685
-7685
-7681
-7680
-7677
-7675
-7675
-7674
-7674
-7673
-7672
-7672
-7670
-7666
-7663
-7663
-7662
-7662
-7657
-7655
-7655
-7654
-7654
-7650
-7650
-7650
-7650
-7649
-7645
-7643
-7640
-7629
-7629
-7627
-7627
-7622
-7619
-7618
-7617
-7617
-7616
-7616
-7614
-7610
-7607
-7606
-7605
-7602
-7601
-7600
-7598
-7596
-7595
-7594
-7592
-7589
-7588
-7584
-7584
-7583
-7580
-7580
-7577
-7576
-7570
-7568
-7565
-7563
-7561
-7559
-7558
-7557
-7556
-7553
-7553
-7549
-7545
-7543
-7543
-7538
-7537
-7528
-7528
-7525
-7525
-7524
-7521
-7519
-7514
-7511
-7510
-7508
-7507
-7505
-7505
-7503
-7502
-7501
-7500
-7500
-7498
-7496
-7495
-7494
-7494
-7492
-7490
-7489
-7488
-7482
-7480
-7478
-7477
-7473
-7473
-7471
-7466
-7465
-7463
-7459
-7458
-7455
-7448
-7446
-7445
-7444
-7439
-7439
-7439
-7437
-7434
-7433
-7426
-7426
-7425
-7424
-7423
-7420
-7416
-7412
-7408
-7407
-7404
-7403
-7397
-7396
-7389
-7388
-7378
-7373
-7368
-7362
-7361
-7356
-7355
-7352
-7352
-7350
-7349
-7348
-7348
-7347
-7341
-7339
-7339
-7337
-7336
-7334
-7334
-7333
-7333
-7333
-7331
-7330
-7329
-7328
-7327
-7327
-7327
-7325
-7324
-7322
-7322
-7318
-7318
-7313
-7309
-7307
-7305
-7304
-7303
-7301
-7295
-7292
-7291
-7291
-7288
-7288
-7284
-7279
-7279
-7278
-7277
-7275
-7275
-7272
-7272
-7271
-7268
-7268
-7265
-7264
-7262
-7262
-7257
-7253
-7250
-7245
-7245
-7244
-7239
-7236
-7231
-7231
-7226
-7226
-7225
-7218
-7218
-7214
-7213
-7210
-7210
-7208
-7206
-7206
-7204
-7201
-7200
-7200
-7198
-7198
-7195
-7194
-7192
-7189
-7189
-7188
-7188
-7186
-7185
-7185
-7184
-7182
-7179
-7178
-7176
-7174
-7174
-7172
-7171
-7171
-7170
-7169
-7167
-7165
-7164
-7163
-7161
-7159
-7158
-7156
-7154
-7152
-7151
-7150
-7149
-7148
-7147
-7143
-7141
-7140
-7136
-7136
-7135
-7132
-7131
-7131
-7131
-7130
-7130
-7129
-7128
-7122
-7121
-7120
-7120
-7118
-7117
-7116
-7110
-7104
-7103
-7102
-7101
-7098
-7096
-7095
-7094
-7093
-7093
-7093
-7091
-7090
-7087
-7086
-7085
-7085
-7082
-7081
-7079
-7076
-7075
-7074
-7074
-7072
-7072
-7070
-7070
-7068
-7067
-7067
-7063
-7062
-7060
-7057
-7052
-7051
-7047
-7046
-7045
-7045
-7045
-7043
-7040
-7039
-7036
-7036
-7036
-7036
-7029
-7023
-7023
-7021
-7021
-7021
-7016
-7011
-7011
-7011
-7007
-7007
-7005
-7004
-7004
-7003
-6998
-6992
-6991
-6990
-6988
-6986
-6985
-6978
-6976
-6973
-6972
-6972
-6971
-6967
-6961
-6961
-6959
-6954
-6954
-6954
-6953
-6947
-6945
-6945
-6944
-6941
-6940
-6939
-6935
-6928
-6926
-6924
-6922
-6922
-6919
-6918
-6917
-6916
-6915
-6915
-6914
-6913
-6908
-6905
-6904
-6903
-6902
-6901
-6896
-6896
-6895
-6890
-6889
-6889
-6883
-6881
-6880
-6879
-6876
-6872
-6869
-6867
-6867
-6866
-6866
-6866
-6866
-6865
-6864
-6863
-6861
-6861
-6861
-6860
-6859
-6855
-6853
-6851
-6850
-6847
-6845
-6844
-6842
-6841
-6841
-6838
-6833
-6832
-6827
-6825
-6824
-6824
-6822
-6822
-6820
-6815
-6812
-6812
-6809
-6806
-6805
-6805
-6803
-6797
-6795
-6794
-6793
-6792
-6791
-6790
-6787
-6787
-6786
-6784
-6782
-6781
-6776
-6775
-6775
-6774
-6771
-6771
-6767
-6760
-6760
-6758
-6755
-6750
-6749
-6749
-6748
-6748
-6748
-6747
-6744
-6742
-6741
-6740
-6736
-6736
-6732
-6729
-6728
-6727
-6723
-6719
-6714
-6712
-6710
-6710
-6708
-6708
-6708
-6704
-6704
-6702
-6701
-6700
-6699
-6696
-6696
-6690
-6690
-6688
-6686
-6685
-6685
-6684
-6682
-6679
-6677
-6676
-6676
-6675
-6675
-6675
-6672
-6665
-6659
-6658
-6653
-6653
-6649
-6644
-6635
-6634
-6631
-6630
-6628
-6628
-6628
-6625
-6623
-6617
-6616
-6615
-6611
-6610
-6608
-6604
-6603
-6602
-6602
-6601
-6598
-6597
-6597
-6596
-6596
-6596
-6592
-6590
-6589
-6587
-6585
-6584
-6584
-6583
-6575
-6572
-6571
-6564
-6562
-6560
-6557
-6556
-6555
-6552
-6552
-6552
-6550
-6550
-6549
-6545
-6543
-6543
-6543
-6538
-6537
-6534
-6533
-6532
-6531
-6531
-6529
-6524
-6523
-6521
-6521
-6515
-6514
-6512
-6512
-6511
-6510
-6510
-6508
-6507
-6506
-6503
-6503
-6501
-6496
-6491
-6483
-6480
-6477
-6477
-6474
-6468
-6464
-6461
-6460
-6459
-6457
-6455
-6451
-6449
-6444
-6441
-6438
-6434
-6434
-6430
-6427
-6425
-6424
-6419
-6418
-6416
-6411
-6409
-6409
-6408
-6406
-6400
-6400
-6398
-6398
-6398
-6393
-6390
-6389
-6388
-6386
-6385
-6383
-6383
-6381
-6379
-6378
-6375
-6373
-6371
-6369
-6369
-6369
-6364
-6363
-6355
-6352
-6344
-6337
-6334
-6333
-6328
-6320
-6320
-6311
-6309
-6307
-6307
-6303
-6299
-6297
-6297
-6294
-6293
-6291
-6291
-6287
-6284
-6283
-6281
-6279
-6275
-6273
-6273
-6272
-6271
-6263
-6262
-6260
-6259
-6259
-6255
-6252
-6250
-6248
-6247
-6245
-6244
-6243
-6241
-6236
-6231
-6226
-6225
-6224
-6223
-6223
-6222
-6222
-6222
-6220
-6219
-6215
-6209
-6209
-6204
-6199
-6196
-6193
-6193
-6192
-6192
-6191
-6191
-6188
-6185
-6182
-6176
-6174
-6168
-6167
-6166
-6165
-6164
-6153
-6149
-6148
-6148
-6146
-6145
-6140
-6140
-6139
-6134
-6131
-6127
-6120
-6119
-6119
-6116
-6111
-6105
-6103
-6100
-6099
-6097
-6097
-6097
-6096
-6094
-6088
-6086
-6084
-6084
-6084
-6083
-6082
-6079
-6078
-6078
-6076
-6071
-6070
-6069
-6069
-6067
-6063
-6061
-6061
-6060
-6056
-6056
-6054
-6051
-6051
-6049
-6047
-6046
-6045
-6042
-6042
-6042
-6040
-6036
-6031
-6030
-6020
-6018
-6016
-6015
-6014
-6014
-6009
-6005
-6003
-6001
-5999
-5998
-5997
-5995
-5989
-5987
-5986
-5986
-5982
-5981
-5979
-5977
-5976
-5972
-5970
-5969
-5965
-5963
-5962
-5961
-5959
-5956
-5956
-5955
-5953
-5950
-5948
-5943
-5936
-5930
-5926
-5925
-5923
-5915
-5913
-5912
-5911
-5910
-5909
-5909
-5909
-5908
-5905
-5905
-5902
-5900
-5898
-5896
-5894
-5893
-5889
-5888
-5886
-5885
-5883
-5879
-5875
-5875
-5874
-5874
-5871
-5870
-5870
-5866
-5865
-5861
-5861
-5860
-5859
-5857
-5856
-5854
-5854
-5854
-5851
-5850
-5850
-5849
-5848
-5848
-5845
-5843
-5840
-5839
-5838
-5837
-5837
-5836
-5834
-5834
-5833
-5829
-5829
-5828
-5826
-5824
-5824
-5824
-5824
-5821
-5819
-5817
-5816
-5812
-5811
-5809
-5808
-5808
-5807
-5807
-5804
-5803
-5801
-5800
-5799
-5799
-5796
-5795
-5793
-5793
-5792
-5791
-5790
-5789
-5787
-5777
-5773
-5770
-5769
-5769
-5766
-5765
-5764
-5758
-5758
-5753
-5752
-5750
-5749
-5746
-5746
-5745
-5742
-5740
-5740
-5740
-5739
-5738
-5738
-5736
-5734
-5730
-5728
-5727
-5726
-5722
-5722
-5722
-5719
-5719
-5717
-5710
-5708
-5706
-5704
-5702
-5702
-5701
-5697
-5695
-5693
-5686
-5684
-5683
-5681
-5681
-5680
-5679
-5678
-5677
-5676
-5672
-5672
-5671
-5668
-5667
-5665
-5665
-5663
-5662
-5661
-5661
-5660
-5659
-5649
-5646
-5645
-5643
-5642
-5641
-5640
-5639
-5639
-5638
-5635
-5635
-5632
-5628
-5625
-5624
-5623
-5620
-5619
-5614
-5614
-5614
-5611
-5610
-5609
-5609
-5607
-5604
-5602
-5601
-5597
-5596
-5588
-5586
-5583
-5579
-5579
-5578
-5572
-5570
-5569
-5566
-5566
-5563
-5563
-5562
-5562
-5560
-5560
-5560
-5560
-5560
-5555
-5555
-5553
-5552
-5551
-5545
-5539
-5530
-5529
-5527
-5526
-5524
-5522
-5519
-5518
-5517
-5516
-5510
-5510
-5510
-5504
-5503
-5501
-5500
-5500
-5498
-5497
-5495
-5494
-5491
-5489
-5489
-5489
-5488
-5484
-5484
-5484
-5483
-5475
-5471
-5468
-5468
-5465
-5463
-5463
-5462
-5459
-5458
-5454
-5453
-5451
-5451
-5445
-5441
-5438
-5437
-5433
-5432
-5430
-5428
-5427
-5426
-5425
-5424
-5423
-5422
-5419
-5414
-5412
-5410
-5410
-5408
-5403
-5403
-5399
-5396
-5395
-5395
-5394
-5393
-5392
-5388
-5388
-5387
-5382
-5382
-5380
-5380
-5379
-5378
-5378
-5376
-5371
-5369
-5365
-5360
-5360
-5359
-5357
-5355
-5355
-5355
-5355
-5354
-5354
-5352
-5349
-5346
-5345
-5343
-5340
-5338
-5334
-5331
-5325
-5323
-5312
-5312
-5305
-5305
-5303
-5302
-5300
-5296
-5296
-5292
-5290
-5288
-5285
-5284
-5283
-5281
-5281
-5280
-5279
-5279
-5271
-5270
-5267
-5265
-5265
-5259
-5255
-5251
-5249
-5248
-5247
-5247
-5238
-5234
-5234
-5228
-5227
-5226
-5226
-5221
-5221
-5221
-5220
-5220
-5219
-5219
-5219
-5219
-5215
-5215
-5214
-5214
-5212
-5207
-5202
-5200
-5199
-5196
-5194
-5193
-5193
-5192
-5185
-5177
-5176
-5172
-5171
-5168
-5168
-5168
-5167
-5164
-5162
-5160
-5158
-5157
-5150
-5148
-5147
-5146
-5146
-5142
-5142
-5141
-5136
-5131
-5131
-5129
-5129
-5128
-5127
-5125
-5123
-5121
-5120
-5113
-5112
-5112
-5110
-5109
-5109
-5108
-5106
-5105
-5104
-5103
-5103
-5100
-5100
-5098
-5098
-5096
-5093
-5090
-5090
-5090
-5075
-5075
-5074
-5073
-5070
-5068
-5068
-5067
-5062
-5061
-5055
-5054
-5053
-5053
-5052
-5051
-5049
-5047
-5046
-5046
-5039
-5039
-5038
-5037
-5031
-5028
-5027
-5022
-5021
-5018
-5012
-5012
-5010
-5009
-5009
-5008
-5007
-5007
-5007
-4998
-4997
-4994
-4992
-4992
-4991
-4991
-4988
-4986
-4986
-4986
-4983
-4981
-4980
-4980
-4977
-4976
-4976
-4972
-4968
-4966
-4964
-4962
-4958
-4954
-4952
-4951
-4950
-4949
-4945
-4945
-4944
-4942
-4938
-4935
-4934
-4933
-4932
-4932
-4928
-4922
-4922
-4920
-4919
-4913
-4912
-4912
-4912
-4906
-4905
-4903
-4903
-4902
-4892
-4890
-4888
-4888
-4885
-4885
-4884
-4884
-4884
-4881
-4880
-4876
-4876
-4873
-4872
-4872
-4869
-4864
-4863
-4860
-4858
-4856
-4854
-4853
-4849
-4846
-4841
-4841
-4840
-4838
-4836
-4836
-4833
-4832
-4829
-4829
-4826
-4825
-4824
-4823
-4823
-4822
-4817
-4817
-4813
-4812
-4810
-4808
-4808
-4802
-4798
-4794
-4793
-4791
-4790
-4784
-4784
-4784
-4780
-4780
-4778
-4777
-4769
-4768
-4765
-4765
-4763
-4763
-4759
-4753
-4753
-4752
-4752
-4747
-4746
-4745
-4745
-4744
-4744
-4741
-4740
-4740
-4740
-4737
-4736
-4731
-4731
-4727
-4726
-4725
-4721
-4720
-4714
-4712
-4710
-4709
-4708
-4706
-4705
-4702
-4700
-4699
-4698
-4698
-4697
-4696
-4695
-4693
-4692
-4692
-4692
-4690
-4689
-4689
-4685
-4684
-4682
-4681
-4679
-4678
-4675
-4675
-4673
-4673
-4672
-4671
-4671
-4669
-4669
-4668
-4667
-4666
-4664
-4663
-4661
-4661
-4657
-4656
-4655
-4649
-4645
-4645
-4639
-4639
-4636
-4636
-4632
-4631
-4631
-4627
-4624
-4624
-4619
-4618
-4614
-4612
-4611
-4610
-4610
-4608
-4608
-4607
-4607
-4606
-4606
-4605
-4604
-4600
-4597
-4597
-4594
-4592
-4591
-4590
-4588
-4588
-4584
-4584
-4580
-4579
-4578
-4578
-4577
-4567
-4563
-4562
-4562
-4559
-4553
-4551
-4551
-4549
-4549
-4549
-4547
-4544
-4541
-4539
-4539
-4535
-4535
-4534
-4532
-4532
-4532
-4531
-4531
-4530
-4527
-4525
-4523
-4522
-4521
-4515
-4514
-4511
-4508
-4507
-4502
-4500
-4499
-4498
-4496
-4495
-4495
-4495
-4494
-4493
-4492
-4484
-4484
-4482
-4475
-4474
-4473
-4471
-4470
-4469
-4468
-4461
-4456
-4455
-4450
-4448
-4448
-4443
-4441
-4440
-4439
-4434
-4432
-4429
-4429
-4428
-4426
-4424
-4422
-4420
-4420
-4419
-4418
-4418
-4417
-4415
-4412
-4405
-4399
-4398
-4396
-4396
-4394
-4394
-4390
-4388
-4388
-4388
-4386
-4385
-4384
-4384
-4383
-4382
-4381
-4379
-4379
-4377
-4373
-4373
-4372
-4364
-4360
-4359
-4354
-4354
-4352
-4350
-4346
-4344
-4343
-4343
-4343
-4343
-4341
-4339
-4339
-4338
-4338
-4338
-4337
-4333
-4333
-4330
-4327
-4327
-4327
-4326
-4324
-4322
-4320
-4319
-4317
-4316
-4316
-4315
-4312
-4311
-4308
-4308
-4308
-4307
-4305
-4301
-4300
-4296
-4295
-4295
-4294
-4288
-4287
-4285
-4283
-4281
-4281
-4276
-4275
-4267
-4265
-4264
-4259
-4257
-4257
-4256
-4254
-4254
-4249
-4247
-4246
-4243
-4242
-4242
-4240
-4237
-4234
-4234
-4233
-4230
-4230
-4229
-4229
-4229
-4224
-4224
-4222
-4220
-4218
-4218
-4218
-4215
-4214
-4212
-4210
-4209
-4207
-4207
-4205
-4205
-4203
-4203
-4203
-4202
-4200
-4197
-4194
-4194
-4191
-4191
-4190
-4190
-4190
-4186
-4184
-4183
-4179
-4179
-4178
-4177
-4174
-4174
-4172
-4171
-4167
-4160
-4160
-4157
-4157
-4157
-4153
-4152
-4152
-4151
-4150
-4148
-4146
-4144
-4142
-4140
-4138
-4132
-4130
-4126
-4121
-4120
-4120
-4118
-4118
-4116
-4115
-4115
-4114
-4114
-4111
-4109
-4106
-4104
-4104
-4102
-4102
-4100
-4096
-4094
-4094
-4093
-4093
-4085
-4080
-4080
-4077
-4076
-4074
-4074
-4070
-4068
-4068
-4065
-4064
-4063
-4060
-4060
-4058
-4058
-4057
-4056
-4056
-4056
-4052
-4052
-4051
-4049
-4045
-4042
-4041
-4039
-4039
-4038
-4037
-4025
-4024
-4020
-4018
-4016
-4016
-4013
-4013
-4013
-4011
-4011
-4006
-4006
-3998
-3997
-3989
-3988
-3984
-3983
-3983
-3982
-3981
-3978
-3977
-3975
-3973
-3969
-3968
-3967
-3966
-3966
-3965
-3962
-3961
-3955
-3953
-3948
-3943
-3943
-3941
-3937
-3936
-3933
-3931
-3927
-3927
-3925
-3924
-3919
-3917
-3914
-3910
-3909
-3907
-3906
-3906
-3903
-3903
-3903
-3902
-3901
-3898
-3892
-3888
-3887
-3886
-3886
-3883
-3883
-3881
-3881
-3878
-3876
-3876
-3873
-3865
-3864
-3864
-3861
-3854
-3853
-3852
-3847
-3847
-3847
-3845
-3844
-3843
-3842
-3840
-3839
-3837
-3836
-3835
-3831
-3828
-3827
-3825
-3813
-3812
-3811
-3810
-3802
-3799
-3798
-3798
-3797
-3797
-3795
-3795
-3794
-3793
-3789
-3788
-3784
-3783
-3779
-3778
-3778
-3774
-3773
-3771
-3770
-3767
-3758
-3758
-3756
-3754
-3752
-3748
-3745
-3745
-3745
-3744
-3744
-3741
-3741
-3739
-3729
-3728
-3727
-3726
-3723
-3722
-3721
-3721
-3720
-3719
-3718
-3717
-3716
-3715
-3714
-3712
-3710
-3708
-3704
-3703
-3698
-3693
-3692
-3692
-3691
-3688
-3688
-3687
-3685
-3685
-3685
-3683
-3682
-3682
-3681
-3679
-3676
-3672
-3671
-3671
-3670
-3669
-3668
-3667
-3665
-3664
-3663
-3661
-3659
-3658
-3658
-3657
-3654
-3652
-3651
-3649
-3645
-3645
-3643
-3639
-3637
-3636
-3636
-3636
-3634
-3631
-3630
-3628
-3627
-3622
-3620
-3613
-3610
-3606
-3602
-3600
-3591
-3587
-3585
-3585
-3583
-3583
-3575
-3568
-3564
-3561
-3558
-3558
-3557
-3557
-3557
-3554
-3550
-3550
-3549
-3547
-3545
-3536
-3534
-3530
-3520
-3518
-3515
-3512
-3512
-3511
-3511
-3509
-3505
-3502
-3495
-3490
-3489
-3488
-3487
-3483
-3481
-3479
-3477
-3475
-3473
-3473
-3471
-3469
-3469
-3467
-3467
-3466
-3465
-3465
-3462
-3458
-3457
-3455
-3449
-3449
-3448
-3448
-3444
-3433
-3433
-3430
-3428
-3427
-3426
-3426
-3423
-3422
-3421
-3419
-3416
-3411
-3410
-3409
-3409
-3406
-3403
-3402
-3400
-3393
-3390
-3390
-3387
-3386
-3385
-3384
-3383
-3383
-3383
-3380
-3372
-3371
-3371
-3365
-3360
-3359
-3359
-3358
-3358
-3357
-3356
-3354
-3352
-3352
-3350
-3350
-3344
-3343
-3343
-3339
-3338
-3338
-3336
-3334
-3332
-3331
-3331
-3326
-3322
-3321
-3320
-3318
-3308
-3306
-3305
-3299
-3297
-3295
-3290
-3286
-3285
-3285
-3284
-3283
-3280
-3277
-3277
-3276
-3276
-3275
-3274
-3274
-3274
-3269
-3263
-3263
-3262
-3260
-3259
-3259
-3257
-3254
-3254
-3251
-3249
-3247
-3246
-3246
-3244
-3241
-3241
-3240
-3240
-3238
-3232
-3232
-3231
-3229
-3223
-3222
-3220
-3219
-3219
-3217
-3216
-3216
-3215
-3214
-3213
-3212
-3211
-3210
-3208
-3207
-3207
-3205
-3204
-3203
-3200
-3197
-3194
-3193
-3192
-3190
-3190
-3188
-3187
-3184
-3182
-3182
-3182
-3175
-3170
-3170
-3170
-3169
-3166
-3165
-3162
-3162
-3162
-3159
-3157
-3157
-3156
-3152
-3151
-3145
-3142
-3136
-3135
-3129
-3129
-3127
-3126
-3119
-3118
-3118
-3117
-3115
-3115
-3114
-3113
-3113
-3103
-3103
-3102
-3102
-3100
-3100
-3100
-3100
-3099
-3098
-3090
-3090
-3089
-3086
-3081
-3081
-3080
-3078
-3076
-3075
-3075
-3073
-3072
-3072
-3068
-3065
-3064
-3060
-3060
-3057
-3053
-3051
-3050
-3050
-3046
-3045
-3045
-3041
-3040
-3039
-3034
-3033
-3028
-3021
-3019
-3018
-3017
-3014
-3013
-3011
-3009
-3009
-3007
-3007
-3005
-3003
-3003
-3002
-2997
-2997
-2996
-2996
-2995
-2994
-2989
-2989
-2988
-2988
-2987
-2986
-2983
-2981
-2980
-2979
-2977
-2975
-2974
-2973
-2971
-2967
-2964
-2963
-2963
-2962
-2959
-2958
-2956
-2950
-2947
-2947
-2947
-2945
-2945
-2941
-2940
-2929
-2924
-2924
-2923
-2923
-2922
-2919
-2917
-2917
-2913
-2911
-2906
-2906
-2901
-2901
-2896
-2894
-2894
-2891
-2891
-2890
-2890
-2887
-2887
-2882
-2879
-2879
-2876
-2869
-2868
-2861
-2855
-2853
-2852
-2851
-2843
-2841
-2838
-2836
-2835
-2830
-2828
-2827
-2826
-2826
-2823
-2822
-2821
-2816
-2815
-2814
-2813
-2812
-2811
-2809
-2809
-2808
-2808
-2806
-2805
-2804
-2800
-2798
-2798
-2793
-2793
-2792
-2789
-2786
-2786
-2784
-2784
-2783
-2782
-2782
-2781
-2778
-2777
-2776
-2775
-2773
-2772
-2771
-2771
-2771
-2770
-2769
-2767
-2766
-2763
-2759
-2757
-2757
-2756
-2754
-2750
-2748
-2747
-2744
-2744
-2738
-2735
-2734
-2731
-2730
-2728
-2728
-2727
-2726
-2725
-2723
-2723
-2722
-2718
-2717
-2712
-2711
-2707
-2705
-2704
-2704
-2701
-2699
-2697
-2693
-2691
-2691
-2690
-2689
-2687
-2683
-2683
-2682
-2675
-2674
-2673
-2672
-2667
-2665
-2665
-2665
-2665
-2663
-2663
-2663
-2662
-2662
-2660
-2660
-2660
-2657
-2656
-2656
-2653
-2652
-2651
-2651
-2647
-2646
-2641
-2640
-2639
-2635
-2634
-2634
-2634
-2632
-2628
-2621
-2621
-2619
-2617
-2615
-2615
-2614
-2613
-2610
-2609
-2603
-2603
-2603
-2602
-2598
-2594
-2593
-2591
-2590
-2589
-2588
-2586
-2585
-2584
-2583
-2581
-2579
-2578
-2577
-2574
-2572
-2571
-2570
-2568
-2565
-2565
-2564
-2561
-2559
-2555
-2549
-2548
-2548
-2547
-2547
-2543
-2542
-2540
-2537
-2534
-2534
-2532
-2529
-2529
-2528
-2528
-2524
-2522
-2522
-2519
-2518
-2517
-2514
-2512
-2511
-2509
-2505
-2504
-2501
-2501
-2499
-2499
-2498
-2498
-2495
-2494
-2494
-2493
-2489
-2482
-2480
-2479
-2478
-2477
-2477
-2474
-2474
-2472
-2472
-2471
-2470
-2468
-2467
-2465
-2464
-2463
-2462
-2462
-2462
-2461
-2460
-2460
-2458
-2455
-2455
-2454
-2452
-2451
-2451
-2447
-2441
-2441
-2439
-2439
-2434
-2433
-2426
-2425
-2425
-2424
-2423
-2420
-2420
-2419
-2418
-2417
-2416
-2415
-2410
-2399
-2397
-2395
-2394
-2393
-2392
-2392
-2391
-2388
-2388
-2387
-2385
-2385
-2384
-2383
-2380
-2380
-2375
-2374
-2371
-2371
-2364
-2361
-2357
-2353
-2352
-2352
-2342
-2342
-2341
-2341
-2340
-2336
-2332
-2331
-2330
-2329
-2324
-2317
-2317
-2317
-2316
-2313
-2312
-2310
-2305
-2304
-2299
-2296
-2294
-2294
-2293
-2290
-2285
-2284
-2280
-2279
-2278
-2278
-2276
-2275
-2274
-2270
-2269
-2267
-2266
-2263
-2261
-2260
-2260
-2260
-2260
-2260
-2259
-2258
-2257
-2257
-2254
-2252
-2250
-2247
-2246
-2243
-2242
-2241
-2240
-2235
-2235
-2228
-2228
-2227
-2224
-2224
-2213
-2212
-2211
-2210
-2208
-2208
-2205
-2200
-2198
-2197
-2195
-2193
-2192
-2192
-2189
-2186
-2183
-2178
-2177
-2176
-2175
-2170
-2165
-2164
-2164
-2163
-2163
-2163
-2159
-2157
-2157
-2156
-2154
-2152
-2150
-2150
-2150
-2146
-2143
-2143
-2138
-2137
-2136
-2134
-2133
-2132
-2129
-2129
-2128
-2128
-2126
-2118
-2116
-2115
-2115
-2113
-2109
-2108
-2103
-2099
-2098
-2096
-2095
-2095
-2092
-2087
-2083
-2078
-2077
-2077
-2076
-2076
-2073
-2073
-2072
-2067
-2066
-2066
-2066
-2062
-2061
-2061
-2060
-2059
-2056
-2055
-2054
-2052
-2049
-2048
-2048
-2047
-2046
-2042
-2036
-2034
-2030
-2029
-2029
-2025
-2021
-2020
-2020
-2019
-2016
-2011
-2005
-2003
-2002
-2001
-2000
-2000
-1998
-1997
-1993
-1993
-1990
-1988
-1984
-1983
-1983
-1983
-1977
-1977
-1975
-1974
-1973
-1972
-1957
-1957
-1956
-1953
-1953
-1953
-1951
-1944
-1942
-1940
-1940
-1938
-1936
-1930
-1928
-1923
-1920
-1918
-1917
-1917
-1917
-1912
-1907
-1907
-1904
-1902
-1902
-1900
-1893
-1889
-1885
-1881
-1880
-1880
-1876
-1874
-1873
-1872
-1872
-1868
-1867
-1865
-1864
-1864
-1863
-1861
-1861
-1860
-1859
-1854
-1852
-1846
-1845
-1844
-1844
-1844
-1841
-1841
-1833
-1832
-1829
-1826
-1823
-1821
-1816
-1816
-1812
-1810
-1810
-1809
-1809
-1808
-1807
-1805
-1805
-1805
-1805
-1804
-1800
-1792
-1789
-1788
-1786
-1785
-1782
-1780
-1778
-1778
-1777
-1772
-1766
-1766
-1763
-1761
-1759
-1753
-1745
-1744
-1741
-1735
-1735
-1734
-1733
-1731
-1731
-1730
-1729
-1728
-1727
-1724
-1718
-1715
-1714
-1714
-1707
-1707
-1707
-1702
-1701
-1697
-1696
-1696
-1695
-1693
-1692
-1691
-1691
-1691
-1691
-1690
-1690
-1689
-1686
-1683
-1683
-1683
-1683
-1675
-1673
-1671
-1669
-1669
-1669
-1669
-1668
-1667
-1664
-1662
-1659
-1658
-1656
-1654
-1650
-1640
-1640
-1639
-1633
-1632
-1629
-1629
-1627
-1625
-1625
-1624
-1619
-1617
-1616
-1614
-1614
-1613
-1612
-1612
-1610
-1609
-1605
-1602
-1590
-1590
-1589
-1587
-1585
-1583
-1583
-1582
-1582
-1581
-1577
-1576
-1575
-1570
-1569
-1569
-1567
-1566
-1562
-1559
-1558
-1552
-1548
-1547
-1543
-1542
-1541
-1537
-1537
-1534
-1531
-1531
-1529
-1528
-1522
-1520
-1516
-1515
-1515
-1512
-1510
-1508
-1505
-1503
-1498
-1497
-1495
-1489
-1489
-1489
-1488
-1488
-1488
-1485
-1485
-1484
-1483
-1481
-1477
-1476
-1471
-1470
-1466
-1466
-1464
-1460
-1454
-1454
-1454
-1453
-1449
-1448
-1442
-1442
-1442
-1441
-1441
-1437
-1435
-1435
-1435
-1433
-1433
-1432
-1430
-1428
-1425
-1424
-1420
-1420
-1419
-1417
-1417
-1416
-1413
-1409
-1405
-1403
-1399
-1399
-1397
-1397
-1396
-1396
-1391
-1390
-1389
-1388
-1386
-1384
-1383
-1381
-1380
-1377
-1376
-1376
-1371
-1370
-1364
-1363
-1362
-1358
-1353
-1345
-1342
-1342
-1340
-1339
-1334
-1333
-1332
-1331
-1330
-1328
-1325
-1324
-1320
-1317
-1316
-1315
-1313
-1310
-1310
-1309
-1308
-1308
-1307
-1302
-1302
-1302
-1301
-1300
-1298
-1296
-1295
-1294
-1294
-1292
-1292
-1291
-1290
-1289
-1287
-1287
-1286
-1283
-1282
-1281
-1276
-1275
-1274
-1274
-1273
-1269
-1267
-1262
-1259
-1255
-1254
-1252
-1248
-1246
-1244
-1241
-1241
-1240
-1239
-1234
-1234
-1231
-1227
-1226
-1224
-1223
-1222
-1221
-1221
-1219
-1218
-1216
-1214
-1210
-1210
-1210
-1209
-1207
-1206
-1202
-1201
-1201
-1200
-1200
-1196
-1192
-1188
-1187
-1187
-1186
-1184
-1177
-1172
-1170
-1170
-1168
-1168
-1168
-1167
-1165
-1164
-1159
-1150
-1147
-1145
-1141
-1140
-1139
-1126
-1126
-1126
-1124
-1121
-1121
-1120
-1119
-1118
-1116
-1112
-1112
-1111
-1110
-1100
-1094
-1093
-1092
-1091
-1090
-1088
-1088
-1088
-1087
-1081
-1078
-1076
-1074
-1073
-1069
-1069
-1067
-1063
-1063
-1063
-1062
-1059
-1054
-1051
-1050
-1046
-1046
-1043
-1042
-1032
-1032
-1032
-1030
-1030
-1026
-1022
-1021
-1021
-1021
-1019
-1016
-1015
-1013
-1010
-1010
-1009
-1008
-1008
-1005
-1004
-1004
-1002
-998
-998
-996
-995
-995
-993
-993
-992
-992
-991
-990
-987
-986
-985
-984
-982
-981
-978
-978
-974
-973
-972
-969
-967
-965
-961
-959
-959
-958
-957
-954
-953
-952
-950
-950
-945
-943
-942
-941
-940
-940
-936
-933
-932
-932
-931
-930
-929
-928
-923
-919
-918
-917
-916
-913
-906
-900
-900
-896
-891
-890
-889
-886
-883
-883
-881
-878
-878
-878
-872
-871
-868
-862
-859
-859
-854
-851
-847
-846
-846
-844
-844
-842
-841
-835
-834
-834
-827
-822
-820
-820
-813
-813
-810
-807
-804
-801
-797
-796
-793
-791
-791
-790
-778
-770
-760
-759
-754
-751
-746
-744
-744
-743
-743
-743
-740
-738
-737
-730
-726
-725
-723
-719
-718
-718
-714
-713
-712
-709
-709
-706
-706
-696
-696
-695
-694
-687
-685
-684
-682
-682
-681
-680
-680
-676
-676
-676
-674
-674
-673
-671
-669
-667
-661
-660
-660
-657
-655
-655
-654
-651
-644
-641
-640
-639
-633
-633
-632
-631
-630
-628
-626
-625
-624
-624
-621
-620
-619
-613
-613
-612
-608
-608
-607
-606
-605
-601
-600
-599
-599
-597
-593
-587
-585
-579
-578
-576
-576
-576
-572
-572
-568
-566
-556
-556
-555
-552
-551
-546
-546
-545
-545
-544
-544
-542
-538
-537
-533
-531
-530
-529
-528
-527
-526
-525
-519
-519
-518
-518
-514
-512
-511
-511
-507
-507
-506
-505
-504
-502
-502
-498
-496
-494
-491
-491
-489
-489
-488
-487
-485
-482
-481
-472
-468
-466
-463
-462
-461
-460
-458
-457
-456
-455
-455
-454
-454
-454
-442
-442
-438
-437
-436
-433
-426
-419
-414
-412
-410
-410
-409
-406
-405
-404
-402
-402
-395
-395
-391
-385
-383
-381
-379
-374
-374
-373
-373
-370
-369
-369
-364
-364
-360
-360
-358
-353
-352
-350
-348
-347
-346
-341
-338
-335
-334
-332
-331
-324
-320
-316
-314
-313
-312
-312
-310
-308
-304
-303
-302
-302
-302
-299
-298
-297
-294
-292
-289
-287
-284
-282
-282
-276
-274
-273
-269
-268
-267
-266
-265
-260
-258
-256
-255
-251
-249
-248
-247
-247
-242
-241
-238
-233
-232
-231
-228
-227
-226
-220
-220
-220
-218
-218
-213
-212
-212
-209
-208
-207
-207
-205
-204
-203
-199
-197
-195
-194
-192
-191
-191
-189
-188
-188
-186
-185
-183
-183
-178
-177
-177
-176
-174
-168
-157
-154
-152
-151
-149
-149
-146
-142
-141
-140
-139
-123
-122
-120
-115
-114
-113
-112
-101
-101
-100
-98
-93
-90
-89
-88
-86
-86
-84
-82
-81
-80
-80
-78
-77
-76
-74
-73
-72
-71
-70
-70
-69
-65
-62
-61
-58
-56
-52
-50
-49
-47
-45
-38
-35
-26
-26
-24
-23
-22
-20
-19
-16
-12
-12
-8
-6
-2
-2
-1
7
10
14
16
17
17
20
21
22
23
26
27
27
28
29
30
32
33
33
34
35
36
41
42
44
45
50
52
54
58
61
61
62
63
64
65
67
70
73
82
82
83
84
87
88
88
91
92
94
95
100
103
103
104
105
106
112
114
116
120
123
128
131
131
132
132
137
138
139
140
144
145
147
149
150
150
153
155
159
160
163
169
171
173
174
179
179
179
179
182
185
193
194
195
199
199
205
206
207
208
211
214
215
216
217
219
221
222
226
228
232
232
236
239
241
242
243
244
245
245
246
246
247
254
255
265
265
265
269
269
272
277
277
277
278
278
279
281
281
282
284
286
286
288
289
289
293
295
295
296
301
306
308
311
311
315
317
318
322
325
325
328
330
333
334
340
341
343
345
346
347
351
352
353
353
353
356
356
357
359
360
365
366
367
367
374
374
377
379
380
380
386
388
389
390
390
391
396
397
399
399
401
405
406
408
408
409
411
411
412
414
417
417
419
419
420
424
424
425
428
434
435
438
438
439
440
440
441
443
444
445
447
449
449
451
451
452
452
453
453
454
454
455
455
457
461
465
465
468
469
470
470
473
475
477
480
482
483
485
486
488
491
492
495
496
496
498
498
498
499
503
506
507
507
508
508
510
510
512
512
512
513
513
514
516
517
517
518
519
519
520
521
521
522
522
528
531
532
538
540
541
542
544
545
548
549
551
554
555
555
555
556
556
558
558
564
565
565
565
566
567
570
570
574
578
578
578
580
582
584
585
587
587
587
588
593
594
596
597
599
600
602
603
605
607
608
609
609
610
612
616
616
617
619
620
621
622
622
623
627
629
630
632
634
635
637
637
639
647
648
648
653
657
658
659
667
668
668
670
670
672
673
675
677
680
682
684
685
687
689
691
694
699
699
699
699
701
702
704
704
707
709
711
712
713
716
718
721
724
725
731
731
735
735
739
740
742
742
743
744
745
746
749
751
753
760
761
762
764
766
766
770
770
773
775
776
777
780
781
785
789
789
789
790
790
791
797
799
800
802
806
806
807
809
809
810
811
814
814
815
816
821
824
826
827
827
830
830
831
833
833
835
835
836
838
839
841
841
842
844
844
846
847
847
848
855
857
857
860
861
861
861
865
868
868
873
875
876
878
879
883
885
888
892
893
894
899
900
903
904
911
912
912
917
917
919
922
925
926
932
936
937
938
938
938
938
940
943
946
947
947
948
948
953
957
966
967
972
975
976
977
980
982
982
983
985
988
991
992
993
993
993
993
994
998
1000
1005
1007
1007
1010
1011
1016
1017
1019
1021
1026
1026
1029
1029
1030
1030
1031
1034
1035
1036
1036
1037
1038
1041
1042
1044
1045
1046
1052
1053
1054
1059
1060
1062
1062
1065
1065
1073
1074
1079
1081
1084
1085
1090
1092
1098
1098
1099
1100
1100
1105
1106
1111
1114
1114
1115
1116
1118
1119
1120
1122
1123
1129
1129
1129
1129
1131
1133
1135
1136
1136
1141
1142
1143
1143
1144
1145
1146
1152
1157
1158
1161
1163
1163
1169
1170
1171
1172
1173
1174
1175
1178
1179
1181
1182
1182
1185
1186
1188
1188
1190
1192
1196
1197
1200
1202
1202
1203
1205
1205
1206
1208
1214
1214
1215
1215
1217
1226
1228
1230
1231
1231
1232
1235
1235
1236
1239
1241
1242
1245
1247
1250
1253
1253
1254
1256
1257
1257
1259
1263
1276
1279
1280
1282
1285
1293
1293
1295
1305
1310
1313
1314
1315
1318
1319
1328
1328
1328
1329
1330
1331
1332
1332
1333
1335
1338
1339
1341
1344
1348
1348
1349
1351
1353
1355
1358
1362
1368
1369
1369
1369
1370
1374
1374
1376
1376
1381
1384
1384
1384
1387
1390
1390
1393
1396
1399
1399
1403
1403
1403
1405
1409
1413
1418
1419
1420
1420
1420
1423
1423
1429
1430
1430
1433
1434
1434
1437
1438
1442
1443
1447
1456
1459
1461
1465
1471
1472
1476
1477
1479
1480
1481
1481
1486
1489
1490
1494
1494
1495
1496
1496
1497
1497
1500
1500
1504
1505
1507
1508
1509
1509
1511
1511
1517
1518
1523
1523
1526
1532
1535
1540
1540
1543
1546
1547
1548
1548
1550
1554
1555
1556
1556
1557
1561
1562
1565
1565
1567
1570
1573
1574
1574
1574
1575
1579
1585
1587
1589
1592
1592
1597
1597
1598
1607
1608
1611
1612
1616
1616
1617
1617
1621
1621
1623
1624
1626
1627
1629
1633
1634
1636
1638
1640
1642
1643
1647
1648
1649
1652
1652
1653
1654
1656
1658
1661
1662
1664
1665
1666
1672
1673
1673
1674
1674
1677
1677
1680
1684
1685
1686
1687
1690
1690
1691
1697
1697
1698
1700
1700
1702
1711
1712
1712
1712
1713
1714
1715
1715
1717
1721
1727
1728
1728
1729
1730
1733
1734
1739
1745
1748
1749
1749
1750
1752
1755
1755
1755
1758
1760
1763
1763
1766
1767
1770
1774
1779
1779
1780
1781
1782
1785
1785
1786
1794
1798
1812
1814
1815
1816
1819
1823
1824
1830
1834
1834
1837
1842
1846
1848
1850
1853
1854
1856
1858
1862
1863
1864
1866
1867
1869
1871
1873
1875
1875
1876
1880
1885
1887
1887
1889
1891
1892
1894
1895
1897
1897
1902
1903
1904
1905
1906
1906
1906
1906
1912
1914
1919
1919
1919
1926
1932
1933
1935
1935
1942
1942
1946
1947
1947
1949
1955
1955
1956
1959
1965
1966
1972
1978
1978
1979
1981
1984
1985
1987
1988
1991
1991
1993
1994
1995
2000
2000
2001
2002
2002
2002
2003
2003
2005
2006
2008
2008
2012
2014
2015
2016
2018
2018
2023
2025
2026
2027
2028
2030
2032
2034
2035
2036
2038
2040
2042
2043
2044
2046
2048
2049
2056
2056
2059
2060
2061
2064
2065
2065
2065
2066
2069
2073
2073
2077
2080
2080
2082
2085
2085
2087
2087
2089
2089
2091
2095
2095
2096
2097
2098
2099
2101
2104
2106
2106
2107
2108
2111
2112
2114
2114
2123
2125
2130
2131
2136
2136
2139
2140
2140
2142
2144
2145
2146
2147
2148
2150
2150
2152
2156
2160
2162
2164
2164
2166
2169
2170
2171
2172
2175
2178
2181
2183
2183
2184
2186
2189
2195
2198
2203
2203
2204
2205
2206
2206
2208
2209
2210
2211
2211
2215
2216
2218
2218
2223
2225
2229
2229
2233
2238
2238
2238
2245
2245
2245
2247
2252
2254
2254
2264
2265
2265
2267
2268
2271
2271
2278
2281
2291
2293
2295
2295
2295
2297
2298
2301
2305
2311
2314
2314
2318
2319
2322
2322
2325
2327
2328
2332
2338
2340
2343
2346
2347
2348
2349
2349
2349
2350
2350
2354
2357
2364
2367
2373
2373
2377
2379
2380
2380
2383
2385
2387
2387
2391
2392
2397
2397
2399
2400
2400
2401
2405
2406
2407
2409
2410
2410
2412
2415
2418
2418
2421
2425
2427
2428
2429
2430
2431
2433
2433
2434
2435
2436
2436
2437
2439
2443
2444
2447
2453
2453
2455
2458
2460
2464
2466
2467
2476
2477
2478
2478
2480
2480
2480
2480
2480
2485
2490
2494
2494
2496
2496
2507
2507
2508
2509
2510
2515
2519
2520
2525
2525
2526
2530
2530
2531
2531
2532
2534
2534
2535
2537
2538
2547
2554
2559
2561
2563
2564
2567
2568
2571
2571
2574
2575
2576
2577
2585
2587
2588
2591
2592
2595
2597
2599
2602
2604
2607
2607
2612
2613
2618
2629
2632
2634
2634
2636
2636
2639
2639
2640
2642
2648
2653
2654
2662
2671
2672
2673
2673
2680
2681
2683
2689
2690
2691
2693
2694
2695
2696
2699
2701
2704
2706
2709
2716
2717
2722
2722
2725
2734
2734
2741
2744
2745
2753
2755
2757
2758
2762
2765
2768
2771
2773
2775
2777
2777
2782
2782
2785
2787
2787
2787
2788
2789
2790
2791
2791
2793
2795
2799
2803
2804
2811
2813
2815
2818
2820
2820
2825
2827
2829
2838
2839
2840
2842
2842
2843
2843
2845
2847
2849
2849
2851
2851
2852
2853
2853
2855
2855
2857
2859
2863
2864
2865
2868
2868
2869
2869
2871
2875
2875
2877
2878
2878
2878
2881
2883
2884
2889
2889
2893
2893
2895
2896
2899
2900
2901
2903
2905
2907
2908
2909
2911
2911
2912
2914
2914
2917
2919
2921
2925
2925
2927
2937
2939
2941
2943
2945
2947
2950
2950
2951
2951
2953
2954
2954
2956
2958
2960
2963
2964
2966
2967
2968
2969
2970
2976
2978
2979
2992
2999
2999
2999
3001
3001
3005
3007
3009
3010
3012
3012
3015
3015
3018
3020
3021
3022
3024
3026
3027
3029
3032
3036
3036
3036
3040
3040
3041
3043
3044
3045
3048
3050
3055
3056
3060
3064
3064
3067
3072
3073
3075
3075
3076
3076
3080
3082
3090
3092
3095
3098
3098
3098
3100
3103
3112
3112
3112
3113
3114
3114
3114
3115
3116
3123
3126
3127
3131
3132
3134
3142
3143
3143
3143
3146
3151
3152
3153
3153
3153
3154
3162
3167
3168
3169
3172
3174
3174
3176
3177
3181
3184
3188
3188
3190
3191
3193
3194
3196
3198
3198
3199
3200
3202
3205
3206
3211
3214
3215
3218
3220
3224
3225
3231
3232
3234
3235
3236
3236
3241
3242
3247
3247
3249
3250
3251
3252
3253
3255
3257
3258
3260
3261
3262
3266
3268
3269
3270
3273
3275
3276
3276
3276
3278
3286
3288
3290
3293
3294
3297
3297
3299
3300
3300
3300
3307
3307
3310
3310
3315
3317
3321
3324
3324
3325
3327
3329
3330
3333
3337
3346
3347
3347
3348
3351
3351
3358
3359
3361
3361
3366
3367
3367
3370
3370
3370
3373
3375
3375
3376
3376
3377
3379
3384
3385
3387
3389
3389
3389
3391
3395
3398
3399
3401
3401
3406
3408
3409
3410
3414
3417
3418
3419
3421
3424
3424
3425
3431
3433
3433
3442
3444
3446
3446
3448
3449
3453
3453
3454
3454
3455
3457
3457
3457
3460
3461
3461
3462
3464
3469
3469
3472
3472
3473
3479
3481
3482
3482
3486
3489
3491
3492
3498
3503
3504
3507
3508
3511
3514
3518
3521
3523
3525
3526
3529
3529
3530
3531
3534
3535
3535
3538
3538
3541
3541
3548
3551
3553
3554
3558
3559
3562
3563
3563
3564
3564
3569
3569
3570
3574
3574
3575
3583
3586
3589
3592
3598
3598
3601
3602
3604
3604
3605
3607
3607
3609
3610
3610
3611
3613
3614
3615
3615
3618
3618
3621
3627
3629
3633
3634
3635
3636
3637
3638
3639
3646
3651
3653
3656
3658
3658
3662
3664
3664
3667
3668
3670
3672
3673
3673
3674
3675
3676
3677
3682
3688
3690
3691
3693
3699
3700
3704
3708
3710
3710
3710
3715
3718
3719
3719
3720
3721
3725
3726
3726
3727
3728
3728
3730
3733
3734
3734
3734
3736
3738
3739
3740
3741
3744
3745
3747
3752
3755
3763
3763
3764
3766
3767
3767
3772
3775
3779
3779
3787
3791
3792
3794
3795
3796
3799
3801
3802
3805
3807
3810
3811
3811
3812
3817
3821
3823
3824
3828
3839
3840
3841
3841
3844
3844
3847
3848
3851
3857
3860
3871
3873
3874
3874
3877
3878
3879
3881
3884
3886
3887
3892
3893
3895
3895
3897
3898
3900
3905
3906
3916
3923
3924
3926
3927
3937
3939
3939
3939
3940
3941
3946
3946
3946
3947
3950
3951
3955
3955
3958
3962
3964
3964
3967
3971
3976
3979
3985
3986
3989
3992
3995
4000
4000
4001
4005
4005
4005
4010
4012
4017
4018
4020
4023
4025
4026
4028
4028
4029
4032
4036
4038
4038
4042
4042
4044
4044
4046
4054
4054
4054
4059
4062
4064
4066
4067
4069
4071
4071
4075
4080
4094
4097
4099
4106
4114
4114
4115
4126
4127
4130
4133
4133
4133
4134
4139
4141
4144
4146
4149
4153
4154
4156
4158
4159
4161
4164
4166
4167
4168
4169
4173
4173
4174
4177
4180
4180
4181
4182
4185
4188
4189
4190
4190
4193
4195
4197
4198
4198
4200
4200
4201
4203
4205
4207
4208
4208
4210
4212
4220
4222
4223
4226
4228
4229
4233
4234
4234
4236
4237
4237
4237
4244
4245
4250
4256
4256
4256
4257
4259
4261
4265
4266
4269
4269
4274
4274
4276
4278
4280
4282
4285
4287
4290
4290
4291
4294
4297
4297
4301
4304
4311
4312
4314
4315
4316
4318
4319
4321
4323
4324
4325
4329
4340
4341
4341
4346
4348
4350
4354
4355
4356
4358
4362
4364
4364
4365
4367
4375
4379
4380
4381
4381
4381
4382
4384
4384
4387
4392
4392
4393
4394
4396
4397
4401
4403
4404
4404
4405
4409
4410
4411
4413
4417
4421
4422
4423
4424
4428
4430
4430
4432
4434
4434
4435
4439
4442
4443
4445
4446
4448
4449
4452
4453
4453
4456
4458
4459
4461
4464
4469
4472
4473
4481
4484
4485
4497
4502
4505
4508
4510
4511
4514
4514
4515
4516
4518
4521
4523
4529
4531
4533
4537
4539
4542
4548
4549
4552
4553
4555
4556
4557
4557
4559
4559
4562
4563
4564
4565
4565
4567
4567
4568
4571
4572
4573
4578
4581
4582
4583
4583
4584
4585
4585
4586
4587
4587
4587
4590
4591
4594
4598
4605
4606
4608
4608
4613
4614
4618
4621
4623
4624
4625
4626
4626
4631
4633
4641
4641
4643
4643
4645
4646
4649
4650
4652
4658
4658
4662
4666
4667
4669
4676
4680
4680
4680
4682
4683
4684
4687
4688
4689
4690
4691
4694
4702
4702
4702
4705
4708
4719
4724
4724
4728
4728
4728
4729
4730
4730
4730
4732
4733
4733
4740
4740
4743
4745
4746
4755
4757
4757
4760
4762
4765
4769
4771
4771
4772
4773
4776
4778
4778
4781
4781
4782
4783
4784
4786
4787
4787
4789
4793
4796
4800
4801
4803
4806
4807
4809
4810
4814
4819
4822
4823
4825
4825
4828
4831
4831
4834
4835
4836
4839
4842
4844
4848
4853
4854
4856
4856
4866
4866
4866
4867
4868
4871
4872
4875
4876
4877
4878
4883
4883
4886
4890
4896
4897
4901
4901
4903
4903
4908
4913
4916
4917
4919
4920
4922
4923
4923
4927
4927
4928
4938
4940
4941
4942
4945
4945
4946
4947
4949
4953
4953
4956
4957
4960
4966
4968
4970
4972
4975
4975
4975
4976
4977
4978
4978
4980
4981
4983
4990
4992
4992
4995
5012
5012
5014
5015
5019
5020
5025
5026
5026
5027
5027
5029
5031
5039
5040
5042
5044
5045
5046
5048
5050
5051
5051
5053
5053
5054
5060
5060
5062
5064
5066
5067
5069
5070
5070
5074
5076
5077
5080
5080
5082
5082
5085
5087
5088
5088
5089
5095
5097
5097
5097
5098
5103
5103
5105
5105
5107
5108
5112
5115
5117
5117
5118
5119
5119
5119
5119
5120
5122
5122
5123
5124
5133
5133
5135
5135
5135
5137
5137
5138
5139
5141
5147
5149
5150
5154
5154
5155
5158
5158
5160
5162
5164
5168
5168
5169
5169
5175
5175
5177
5179
5179
5182
5183
5183
5186
5187
5187
5187
5194
5194
5195
5198
5204
5205
5209
5212
5213
5213
5214
5217
5224
5228
5228
5229
5231
5231
5232
5233
5233
5236
5239
5242
5242
5242
5243
5243
5245
5253
5254
5260
5261
5261
5263
5265
5266
5267
5269
5270
5271
5271
5272
5274
5282
5284
5284
5284
5286
5289
5293
5302
5303
5308
5311
5312
5313
5313
5318
5320
5321
5323
5324
5325
5329
5332
5334
5335
5336
5338
5339
5343
5344
5347
5353
5353
5355
5369
5370
5372
5373
5373
5378
5380
5381
5382
5383
5386
5388
5393
5394
5397
5402
5404
5410
5411
5411
5414
5415
5417
5421
5421
5422
5423
5429
5430
5430
5433
5433
5434
5437
5440
5441
5445
5446
5450
5450
5453
5455
5456
5459
5459
5461
5461
5461
5462
5462
5463
5468
5468
5473
5475
5476
5476
5477
5477
5480
5482
5483
5484
5486
5486
5489
5491
5492
5492
5493
5494
5494
5494
5497
5497
5499
5501
5504
5504
5504
5509
5510
5511
5512
5513
5518
5520
5521
5523
5524
5526
5532
5532
5533
5534
5535
5537
5537
5537
5538
5541
5541
5542
5543
5545
5549
5551
5552
5556
5556
5557
5560
5564
5565
5568
5568
5572
5576
5579
5586
5587
5591
5593
5593
5596
5597
5599
5600
5600
5602
5604
5610
5614
5616
5619
5620
5620
5621
5622
5625
5627
5631
5631
5637
5638
5638
5640
5640
5642
5649
5650
5651
5651
5653
5655
5655
5655
5656
5661
5670
5677
5680
5681
5682
5685
5686
5691
5696
5708
5709
5710
5714
5716
5719
5721
5721
5723
5725
5728
5733
5735
5741
5742
5743
5745
5745
5745
5745
5746
5751
5751
5751
5753
5754
5756
5756
5761
5763
5775
5779
5779
5781
5784
5784
5787
5787
5789
5791
5795
5796
5798
5801
5805
5805
5811
5814
5816
5817
5820
5821
5825
5827
5832
5837
5837
5840
5843
5843
5843
5845
5846
5847
5852
5856
5857
5857
5867
5877
5878
5878
5879
5880
5882
5885
5886
5891
5895
5899
5899
5899
5901
5901
5901
5904
5907
5912
5918
5919
5919
5923
5923
5925
5926
5930
5931
5937
5939
5939
5942
5945
5946
5953
5955
5957
5958
5959
5960
5961
5961
5962
5965
5966
5968
5970
5973
5976
5978
5984
5986
5987
5988
5990
5991
5993
5995
5996
5998
6001
6004
6010
6012
6014
6018
6018
6018
6020
6023
6029
6029
6029
6033
6033
6034
6035
6036
6040
6044
6045
6051
6051
6052
6053
6053
6053
6056
6057
6058
6058
6060
6067
6068
6069
6071
6074
6078
6079
6079
6079
6080
6087
6093
6095
6096
6105
6105
6106
6111
6116
6116
6118
6124
6124
6124
6127
6130
6132
6135
6140
6155
6156
6160
6162
6163
6163
6165
6168
6169
6173
6174
6176
6177
6178
6178
6178
6180
6182
6184
6185
6185
6186
6189
6190
6191
6191
6191
6196
6197
6199
6199
6205
6205
6205
6206
6208
6209
6211
6211
6212
6215
6216
6216
6222
6224
6226
6227
6227
6227
6227
6229
6229
6229
6231
6235
6236
6237
6240
6242
6243
6250
6251
6252
6253
6253
6254
6255
6257
6260
6260
6260
6261
6267
6269
6270
6272
6274
6280
6283
6284
6289
6293
6293
6296
6305
6307
6308
6310
6311
6313
6317
6318
6320
6321
6326
6329
6332
6333
6333
6334
6337
6337
6342
6345
6346
6348
6350
6352
6355
6355
6355
6356
6357
6361
6366
6369
6370
6373
6376
6379
6382
6383
6385
6385
6385
6386
6386
6387
6387
6389
6391
6391
6394
6395
6403
6408
6410
6412
6417
6419
6423
6425
6426
6427
6427
6429
6429
6429
6430
6432
6432
6434
6434
6435
6437
6437
6441
6443
6443
6448
6457
6467
6468
6469
6470
6480
6481
6483
6483
6489
6490
6494
6496
6499
6499
6501
6503
6504
6507
6507
6507
6510
6514
6514
6521
6522
6523
6527
6528
6529
6530
6531
6533
6534
6535
6535
6538
6539
6543
6543
6546
6546
6549
6549
6556
6558
6560
6561
6562
6563
6564
6566
6570
6573
6579
6581
6583
6586
6586
6587
6594
6596
6596
6604
6604
6604
6611
6612
6613
6616
6616
6616
6617
6617
6619
6619
6619
6620
6620
6621
6621
6622
6622
6623
6623
6625
6627
6629
6630
6631
6631
6632
6632
6634
6634
6641
6643
6648
6649
6650
6654
6655
6657
6658
6659
6666
6667
6670
6672
6673
6674
6675
6675
6677
6678
6679
6683
6684
6685
6688
6688
6688
6697
6699
6699
6700
6709
6713
6713
6716
6717
6727
6728
6728
6730
6730
6737
6738
6740
6745
6746
6747
6751
6751
6755
6756
6756
6757
6759
6760
6762
6772
6773
6776
6776
6777
6778
6779
6779
6783
6784
6785
6791
6795
6795
6798
6802
6802
6807
6808
6809
6811
6812
6814
6816
6826
6827
6832
6833
6834
6835
6841
6842
6845
6848
6850
6851
6851
6852
6857
6857
6858
6859
6860
6861
6862
6864
6865
6865
6866
6867
6868
6871
6872
6874
6875
6878
6885
6885
6887
6895
6896
6897
6904
6905
6907
6907
6909
6916
6921
6922
6922
6923
6924
6925
6925
6930
6931
6932
6936
6936
6939
6941
6942
6946
6947
6951
6951
6952
6954
6961
6963
6964
6965
6965
6965
6966
6967
6968
6969
6975
6980
6980
6980
6981
6982
6989
6991
6992
6996
7000
7002
7004
7004
7006
7006
7006
7011
7011
7012
7013
7014
7015
7015
7017
7024
7024
7026
7032
7033
7039
7040
7040
7044
7044
7044
7048
7048
7049
7050
7052
7054
7054
7055
7055
7056
7059
7062
7062
7066
7068
7069
7072
7074
7076
7077
7079
7081
7081
7082
7083
7086
7089
7092
7094
7099
7099
7101
7102
7102
7103
7103
7108
7112
7119
7119
7120
7120
7123
7123
7126
7128
7130
7130
7133
7135
7139
7140
7145
7146
7147
7150
7152
7155
7156
7158
7159
7162
7162
7163
7165
7165
7171
7171
7175
7176
7178
7179
7193
7193
7197
7198
7201
7206
7208
7212
7218
7219
7221
7222
7222
7223
7224
7228
7228
7229
7232
7232
7233
7234
7236
7239
7241
7246
7246
7250
7254
7254
7255
7257
7262
7263
7265
7267
7272
7273
7275
7275
7280
7280
7282
7282
7284
7287
7291
7292
7295
7297
7298
7298
7300
7300
7302
7304
7304
7316
7322
7324
7325
7326
7326
7327
7331
7332
7333
7333
7334
7334
7340
7342
7344
7345
7350
7352
7352
7353
7356
7361
7362
7363
7363
7365
7380
7380
7385
7390
7391
7391
7394
7400
7406
7409
7415
7421
7422
7424
7425
7427
7428
7429
7430
7432
7434
7437
7437
7442
7442
7443
7444
7448
7448
7451
7456
7463
7464
7468
7471
7471
7473
7473
7479
7481
7481
7481
7485
7488
7488
7490
7491
7491
7491
7492
7493
7497
7500
7501
7501
7504
7506
7508
7509
7509
7510
7511
7513
7514
7517
7517
7519
7520
7523
7525
7536
7538
7538
7540
7542
7547
7551
7560
7561
7563
7571
7572
7575
7576
7577
7580
7582
7584
7586
7587
7588
7589
7592
7594
7595
7595
7599
7602
7605
7606
7610
7612
7612
7613
7613
7619
7620
7621
7623
7624
7624
7626
7631
7634
7637
7638
7648
7650
7651
7656
7656
7657
7662
7663
7665
7671
7671
7673
7673
7675
7675
7680
7682
7683
7683
7683
7692
7692
7694
7694
7700
7701
7702
7704
7704
7705
7705
7707
7708
7709
7712
7712
7713
7714
7714
7717
7719
7722
7725
7725
7726
7732
7733
7735
7740
7741
7743
7743
7745
7747
7748
7753
7759
7760
7761
7762
7765
7766
7769
7769
7773
7774
7774
7777
7777
7778
7778
7779
7779
7780
7782
7785
7785
7786
7787
7791
7793
7795
7798
7800
7805
7806
7811
7812
7814
7814
7814
7819
7830
7830
7831
7833
7833
7834
7835
7836
7838
7844
7848
7852
7855
7859
7861
7866
7869
7869
7874
7875
7875
7875
7877
7879
7881
7883
7885
7888
7890
7890
7893
7893
7893
7899
7903
7903
7904
7908
7911
7912
7912
7914
7917
7917
7923
7925
7925
7925
7925
7928
7930
7931
7932
7934
7935
7937
7937
7939
7952
7956
7956
7961
7961
7964
7967
7967
7968
7969
7973
7974
7976
7976
7978
7978
7979
7980
7980
7981
7982
7983
7983
7988
7988
7989
7990
7993
7994
7994
7995
7996
8001
8003
8004
8005
8008
8011
8013
8017
8029
8030
8031
8034
8035
8035
8037
8037
8038
8039
8041
8044
8046
8047
8048
8052
8052
8054
8057
8058
8059
8059
8060
8062
8063
8065
8066
8067
8071
8073
8074
8074
8076
8078
8079
8083
8085
8086
8087
8089
8093
8093
8096
8098
8101
8102
8103
8105
8105
8113
8113
8116
8116
8119
8120
8121
8122
8124
8124
8125
8127
8129
8129
8129
8134
8139
8140
8141
8146
8149
8150
8151
8153
8153
8158
8160
8161
8161
8164
8164
8169
8171
8171
8172
8174
8174
8177
8178
8180
8186
8187
8187
8188
8192
8199
8199
8201
8203
8203
8207
8207
8209
8211
8216
8220
8222
8223
8225
8230
8231
8231
8234
8236
8236
8241
8241
8242
8242
8242
8244
8244
8245
8245
8246
8247
8255
8257
8258
8258
8258
8259
8260
8262
8262
8268
8269
8279
8286
8290
8296
8298
8298
8302
8305
8306
8306
8307
8307
8308
8309
8309
8313
8313
8314
8315
8316
8316
8319
8320
8320
8322
8327
8332
8333
8336
8341
8348
8348
8351
8354
8354
8357
8359
8360
8365
8370
8375
8382
8383
8385
8387
8387
8389
8389
8394
8395
8404
8404
8406
8407
8411
8414
8416
8417
8418
8421
8422
8425
8425
8425
8427
8427
8431
8435
8437
8438
8441
8444
8444
8448
8450
8451
8453
8453
8454
8456
8457
8457
8458
8462
8462
8462
8463
8467
8471
8471
8475
8477
8487
8490
8491
8492
8494
8495
8495
8499
8499
8500
8501
8504
8505
8506
8510
8511
8516
8518
8522
8524
8525
8527
8528
8529
8530
8530
8531
8534
8534
8537
8537
8540
8543
8545
8548
8550
8551
8553
8553
8553
8554
8556
8557
8558
8560
8566
8566
8568
8569
8571
8572
8574
8576
8580
8581
8583
8586
8587
8589
8590
8590
8592
8593
8593
8599
8599
8602
8602
8604
8616
8617
8619
8619
8622
8624
8625
8625
8629
8630
8631
8632
8633
8634
8634
8635
8636
8637
8641
8642
8647
8652
8652
8655
8656
8656
8658
8662
8665
8666
8666
8671
8674
8680
8680
8681
8681
8682
8684
8685
8687
8692
8693
8693
8695
8695
8704
8706
8707
8711
8716
8716
8717
8719
8720
8722
8723
8724
8725
8729
8733
8734
8734
8735
8737
8738
8738
8739
8744
8748
8749
8753
8758
8762
8762
8763
8764
8766
8768
8770
8771
8771
8773
8773
8775
8782
8783
8788
8789
8797
8797
8799
8800
8800
8800
8801
8802
8802
8804
8804
8811
8813
8815
8815
8816
8821
8823
8824
8825
8826
8829
8830
8832
8832
8835
8845
8851
8852
8855
8857
8861
8862
8866
8870
8875
8878
8880
8881
8885
8887
8888
8889
8894
8894
8900
8901
8902
8902
8904
8904
8908
8909
8909
8915
8915
8915
8917
8918
8920
8921
8922
8922
8927
8929
8929
8930
8932
8933
8934
8936
8937
8937
8937
8938
8940
8941
8943
8944
8944
8946
8947
8947
8948
8950
8952
8956
8957
8959
8961
8962
8963
8970
8974
8977
8983
8991
8994
9000
9001
9004
9006
9006
9007
9011
9012
9013
9017
9019
9020
9022
9028
9031
9036
9039
9040
9041
9042
9043
9045
9045
9048
9049
9050
9051
9051
9054
9056
9059
9063
9064
9064
9064
9065
9066
9071
9075
9076
9076
9078
9078
9080
9081
9081
9084
9085
9088
9089
9091
9091
9094
9098
9099
9102
9105
9107
9109
9110
9116
9119
9120
9122
9126
9128
9129
9132
9132
9133
9134
9140
9142
9144
9144
9146
9147
9147
9150
9151
9153
9160
9161
9163
9163
9166
9170
9173
9174
9174
9175
9175
9177
9178
9181
9182
9182
9185
9188
9188
9190
9192
9197
9199
9200
9207
9209
9212
9213
9214
9214
9216
9216
9218
9220
9220
9230
9231
9234
9235
9237
9244
9245
9246
9252
9253
9256
9260
9261
9269
9269
9269
9270
9271
9271
9273
9273
9274
9275
9277
9283
9288
9291
9295
9295
9300
9301
9301
9304
9305
9307
9307
9308
9310
9311
9314
9319
9320
9320
9321
9322
9324
9324
9330
9332
9333
9337
9338
9341
9345
9348
9350
9351
9351
9358
9359
9360
9361
9361
9363
9368
9369
9372
9374
9378
9380
9383
9383
9384
9391
9391
9393
9393
9400
9401
9402
9404
9405
9405
9405
9406
9407
9411
9413
9413
9414
9417
9418
9420
9422
9423
9424
9428
9428
9430
9431
9431
9433
9434
9434
9435
9435
9436
9437
9439
9441
9443
9443
9444
9444
9447
9447
9450
9453
9459
9459
9462
9465
9467
9469
9469
9471
9472
9479
9479
9481
9482
9483
9487
9489
9490
9493
9495
9497
9497
9501
9503
9503
9504
9507
9507
9508
9509
9514
9525
9526
9526
9529
9530
9535
9536
9542
9542
9545
9548
9549
9550
9550
9551
9554
9555
9556
9556
9557
9559
9560
9567
9568
9570
9573
9575
9576
9579
9580
9581
9581
9583
9587
9590
9597
9598
9600
9602
9602
9602
9603
9606
9607
9609
9610
9610
9611
9612
9613
9615
9616
9618
9620
9620
9625
9631
9632
9633
9634
9634
9635
9635
9636
9648
9650
9653
9654
9654
9657
9658
9659
9659
9660
9660
9660
9661
9662
9665
9666
9666
9670
9671
9673
9676
9680
9681
9683
9683
9683
9683
9686
9691
9696
9697
9697
9698
9699
9700
9706
9706
9707
9708
9711
9713
9714
9714
9716
9721
9722
9722
9724
9726
9729
9730
9732
9739
9739
9747
9747
9748
9748
9749
9751
9752
9752
9752
9753
9754
9754
9756
9757
9759
9759
9759
9760
9761
9761
9761
9761
9763
9766
9767
9768
9774
9774
9778
9779
9785
9787
9787
9788
9788
9789
9791
9792
9793
9793
9798
9799
9799
9804
9804
9806
9807
9812
9816
9816
9818
9820
9822
9822
9824
9827
9829
9830
9830
9831
9831
9831
9835
9836
9836
9838
9841
9841
9841
9842
9843
9852
9853
9855
9859
9863
9865
9866
9866
9869
9871
9872
9874
9875
9875
9886
9887
9889
9889
9889
9891
9895
9911
9911
9912
9912
9916
9917
9918
9919
9921
9921
9921
9926
9928
9929
9930
9931
9943
9946
9948
9948
9951
9951
9952
9952
9952
9952
9954
9961
9961
9965
9966
9971
9973
9973
9974
9975
9976
9978
9979
9982
9984
9990
9991
9994
9995
