10000
9999
9999
9998
9997
9996
9995
9995
9994
9993
9992
9990
9987
9986
9985
9980
9973
9972
9972
9970
9970
9970
9968
9966
9966
9963
9963
9962
9962
9959
9958
9955
9949
9948
9947
9944
9944
9942
9942
9941
9940
9935
9934
9930
9929
9925
9923
9919
9918
9917
9916
9910
9907
9905
9904
9901
9900
9897
9893
9892
9890
9889
9884
9883
9880
9878
9873
9873
9868
9867
9865
9863
9861
9857
9854
9848
9844
9843
9837
9836
9835
9833
9832
9832
9831
9831
9830
9828
9826
9824
9818
9817
9815
9815
9813
9811
9808
9807
9807
9806
9803
9802
9800
9800
9795
9794
9792
9791
9788
9785
9782
9781
9780
9778
9778
9775
9774
9772
9769
9768
9767
9764
9763
9762
9761
9759
9755
9752
9752
9752
9749
9749
9743
9743
9743
9743
9736
9736
9736
9735
9733
9731
9727
9725
9724
9721
9721
9721
9721
9718
9715
9714
9713
9712
9711
9709
9706
9706
9705
9705
9702
9702
9698
9698
9692
9689
9687
9685
9685
9681
9680
9678
9677
9673
9673
9673
9667
9664
9662
9660
9655
9653
9649
9648
9643
9642
9639
9634
9627
9623
9622
9620
9614
9614
9611
9608
9608
9601
9596
9594
9594
9593
9593
9593
9591
9590
9584
9577
9574
9573
9571
9567
9563
9562
9557
9552
9546
9546
9546
9545
9545
9544
9544
9542
9542
9541
9541
9539
9534
9531
9529
9528
9524
9520
9519
9515
9514
9512
9489
9485
9484
9483
9482
9477
9476
9476
9475
9471
9471
9470
9469
9469
9467
9467
9467
9465
9465
9463
9463
9461
9461
9460
9452
9451
9450
9448
9447
9446
9445
9441
9441
9439
9436
9434
9434
9429
9428
9424
9423
9416
9416
9415
9413
9412
9411
9409
9409
9405
9402
9399
9399
9399
9398
9398
9398
9398
9392
9392
9391
9387
9384
9384
9383
9381
9380
9380
9379
9378
9376
9374
9370
9369
9369
9368
9366
9366
9364
9360
9360
9355
9355
9355
9354
9352
9351
9346
9338
9333
9330
9326
9326
9326
9323
9322
9318
9317
9317
9306
9305
9303
9300
9298
9297
9296
9295
9290
9289
9287
9287
9286
9285
9283
9282
9280
9279
9278
9274
9274
9269
9268
9267
9265
9263
9261
9260
9257
9255
9254
9248
9247
9247
9245
9243
9241
9239
9239
9239
9237
9236
9235
9235
9232
9232
9230
9226
9226
9225
9225
9225
9224
9223
9214
9209
9209
9208
9199
9199
9197
9194
9192
9191
9187
9185
9179
9175
9172
9172
9168
9167
9166
9166
9165
9161
9159
9158
9151
9151
9150
9148
9148
9144
9141
9141
9141
9140
9138
9137
9136
9135
9134
9130
9128
9128
9119
9117
9113
9113
9113
9112
9110
9106
9104
9104
9104
9102
9101
9100
9098
9098
9098
9094
9092
9090
9089
9087
9084
9082
9080
9075
9075
9072
9072
9065
9062
9061
9059
9059
9058
9057
9057
9056
9054
9051
9051
9050
9048
9043
9041
9039
9037
9034
9030
9027
9024
9023
9019
9018
9017
9014
9014
9012
9010
9009
9007
9004
9001
9001
9000
8992
8990
8987
8983
8982
8981
8981
8974
8967
8965
8962
8961
8958
8952
8952
8950
8945
8944
8942
8939
8936
8932
8931
8930
8929
8927
8926
8925
8924
8922
8920
8920
8918
8915
8914
8906
8904
8904
8904
8902
8900
8900
8900
8899
8899
8898
8898
8895
8893
8889
8887
8879
8877
8874
8873
8869
8869
8864
8862
8862
8860
8853
8852
8851
8850
8842
8837
8836
8835
8835
8833
8832
8830
8830
8829
8828
8827
8822
8818
8818
8817
8813
8813
8813
8813
8810
8798
8794
8791
8787
8786
8782
8778
8773
8773
8773
8770
8770
8770
8769
8766
8761
8758
8757
8757
8756
8753
8744
8744
8741
8738
8737
8735
8734
8733
8730
8729
8723
8723
8720
8717
8717
8712
8710
8709
8707
8707
8706
8703
8700
8700
8699
8697
8693
8692
8690
8689
8687
8687
8686
8684
8682
8680
8678
8670
8665
8665
8663
8662
8661
8660
8659
8659
8658
8657
8656
8655
8655
8654
8651
8648
8647
8645
8645
8640
8640
8638
8629
8625
8617
8616
8614
8613
8613
8611
8611
8611
8610
8609
8609
8607
8607
8605
8601
8597
8594
8591
8590
8585
8582
8581
8581
8579
8577
8577
8577
8572
8569
8564
8564
8559
8555
8555
8553
8552
8549
8547
8547
8545
8543
8542
8541
8538
8537
8534
8532
8529
8529
8527
8525
8524
8524
8523
8518
8517
8516
8514
8512
8511
8511
8511
8508
8505
8505
8504
8501
8499
8497
8497
8492
8491
8490
8487
8485
8485
8484
8484
8484
8478
8478
8477
8475
8474
8473
8472
8470
8470
8467
8465
8463
8463
8462
8462
8461
8460
8454
8453
8452
8449
8448
8446
8446
8446
8445
8443
8442
8441
8441
8438
8436
8434
8434
8433
8432
8431
8430
8428
8428
8419
8419
8419
8419
8418
8417
8416
8415
8414
8413
8413
8410
8410
8404
8403
8402
8398
8396
8395
8392
8391
8390
8389
8387
8386
8385
8383
8379
8378
8376
8376
8371
8370
8370
8364
8362
8358
8357
8357
8356
8354
8352
8350
8349
8348
8345
8337
8336
8329
8328
8328
8327
8326
8323
8320
8318
8317
8316
8314
8313
8312
8311
8310
8307
8307
8305
8304
8301
8300
8296
8295
8288
8286
8282
8280
8277
8276
8274
8272
8271
8268
8268
8266
8262
8262
8257
8252
8250
8248
8245
8245
8244
8240
8240
8237
8236
8231
8231
8229
8227
8221
8218
8218
8215
8215
8213
8212
8212
8210
8210
8208
8207
8201
8198
8197
8197
8193
8188
8186
8186
8186
8185
8177
8177
8176
8176
8174
8167
8166
8165
8160
8160
8157
8154
8145
8143
8140
8131
8131
8129
8127
8124
8120
8119
8118
8116
8111
8111
8111
8105
8103
8102
8101
8097
8095
8094
8091
8090
8086
8086
8084
8080
8076
8073
8068
8067
8056
8046
8045
8043
8042
8041
8041
8040
8035
8034
8033
8032
8031
8029
8028
8028
8027
8026
8022
8022
8016
8014
8014
8014
8011
8009
8009
8005
8000
8000
7996
7996
7996
7995
7991
7991
7988
7988
7986
7985
7983
7978
7978
7976
7976
7971
7970
7968
7967
7965
7959
7955
7954
7953
7951
7951
7950
7946
7946
7945
7945
7940
7937
7936
7935
7933
7931
7931
7929
7925
7924
7923
7922
7922
7922
7920
7916
7915
7911
7911
7910
7910
7905
7902
7900
7900
7898
7896
7896
7893
7890
7890
7887
7885
7880
7880
7877
7877
7877
7875
7875
7873
7869
7865
7859
7859
7858
7857
7852
7852
7845
7841
7841
7837
7836
7836
7833
7830
7829
7829
7823
7819
7818
7817
7817
7813
7812
7811
7809
7806
7803
7801
7799
7791
7790
7789
7787
7784
7783
7782
7780
7780
7778
7777
7776
7776
7775
7772
7771
7771
7765
7764
7759
7756
7754
7753
7753
7751
7747
7743
7742
7735
7734
7730
7728
7725
7725
7724
7724
7721
7719
7718
7717
7714
7713
7713
7711
7710
7709
7707
7700
7698
7696
7694
7690
7687
7683
7680
7679
7677
7674
7673
7672
7672
7672
7672
7666
7666
7666
7663
7663
7662
7660
7660
7657
7657
7654
7652
7651
7649
7644
7638
7628
7626
7626
7625
7623
7623
7621
7619
7617
7617
7616
7616
7613
7607
7605
7604
7604
7603
7603
7603
7597
7596
7595
7592
7586
7583
7582
7579
7577
7574
7574
7573
7571
7568
7568
7566
7565
7559
7558
7555
7551
7551
7546
7546
7542
7542
7541
7530
7527
7521
7518
7516
7516
7515
7515
7513
7513
7511
7509
7501
7500
7499
7496
7494
7493
7492
7490
7490
7489
7488
7487
7487
7487
7481
7480
7472
7472
7471
7470
7467
7465
7464
7463
7462
7461
7459
7458
7456
7452
7451
7449
7449
7449
7447
7444
7444
7442
7441
7438
7437
7434
7433
7428
7427
7426
7426
7425
7424
7423
7419
7418
7416
7415
7414
7414
7413
7413
7409
7405
7404
7404
7403
7399
7397
7396
7395
7395
7394
7394
7392
7386
7380
7379
7378
7375
7373
7373
7370
7368
7363
7363
7361
7357
7357
7356
7356
7355
7354
7351
7347
7346
7345
7344
7343
7342
7342
7342
7342
7341
7340
7339
7336
7334
7332
7331
7325
7323
7322
7319
7317
7316
7316
7314
7310
7304
7304
7302
7298
7297
7296
7296
7295
7293
7292
7291
7291
7290
7289
7289
7289
7285
7285
7282
7281
7280
7280
7277
7274
7271
7271
7267
7265
7265
7264
7262
7261
7260
7258
7256
7256
7255
7253
7253
7252
7252
7250
7247
7244
7243
7241
7240
7239
7238
7236
7236
7235
7228
7226
7225
7225
7224
7222
7221
7220
7219
7217
7215
7214
7213
7213
7203
7203
7201
7200
7200
7198
7197
7197
7195
7190
7187
7187
7187
7184
7183
7178
7174
7174
7170
7167
7163
7161
7160
7160
7159
7157
7156
7154
7150
7148
7147
7147
7137
7134
7132
7131
7128
7127
7125
7123
7122
7119
7117
7117
7116
7114
7114
7111
7110
7108
7107
7101
7099
7099
7098
7097
7095
7095
7090
7088
7087
7086
7081
7079
7079
7077
7077
7076
7073
7073
7071
7068
7066
7064
7064
7061
7056
7052
7052
7050
7049
7046
7044
7038
7035
7033
7031
7031
7031
7030
7029
7029
7028
7027
7027
7025
7023
7023
7019
7011
7006
7006
7003
7002
7001
6998
6997
6996
6995
6983
6982
6980
6979
6979
6975
6974
6973
6970
6969
6969
6969
6969
6968
6966
6961
6960
6960
6958
6955
6951
6949
6947
6943
6941
6940
6939
6938
6937
6936
6935
6934
6933
6929
6926
6925
6917
6916
6914
6914
6912
6909
6909
6901
6897
6889
6889
6887
6884
6883
6879
6877
6871
6868
6867
6866
6865
6862
6860
6860
6859
6857
6856
6856
6855
6854
6853
6852
6851
6850
6849
6848
6841
6839
6839
6838
6837
6834
6833
6831
6831
6830
6829
6828
6828
6828
6825
6818
6818
6816
6809
6809
6804
6800
6797
6795
6794
6786
6786
6786
6781
6780
6779
6778
6777
6776
6774
6772
6771
6763
6762
6761
6760
6759
6756
6755
6754
6752
6749
6747
6747
6744
6743
6742
6741
6740
6740
6735
6734
6734
6734
6733
6731
6727
6724
6723
6722
6716
6716
6715
6714
6712
6711
6711
6710
6709
6707
6707
6703
6703
6702
6699
6698
6694
6693
6689
6682
6677
6675
6675
6672
6670
6669
6667
6663
6661
6656
6651
6649
6639
6638
6637
6634
6632
6631
6626
6624
6624
6623
6622
6618
6612
6610
6605
6604
6603
6602
6599
6592
6592
6591
6589
6589
6586
6585
6582
6580
6578
6574
6574
6567
6566
6566
6563
6562
6561
6559
6558
6557
6555
6553
6552
6551
6551
6550
6546
6542
6534
6533
6533
6525
6523
6522
6522
6520
6519
6518
6517
6516
6515
6515
6515
6512
6509
6508
6503
6496
6494
6491
6489
6489
6488
6486
6484
6477
6477
6475
6470
6466
6463
6461
6461
6459
6453
6453
6452
6452
6449
6448
6444
6444
6438
6437
6433
6433
6426
6416
6416
6414
6410
6410
6409
6405
6404
6402
6393
6389
6389
6387
6387
6386
6385
6385
6385
6382
6381
6378
6375
6373
6373
6369
6366
6365
6363
6363
6362
6358
6356
6354
6352
6352
6349
6346
6346
6343
6336
6324
6322
6318
6317
6316
6316
6315
6312
6312
6311
6306
6303
6302
6301
6301
6300
6296
6294
6292
6289
6289
6289
6287
6287
6285
6284
6280
6279
6277
6274
6272
6272
6271
6266
6263
6261
6261
6261
6260
6256
6255
6253
6252
6251
6251
6248
6247
6245
6241
6234
6232
6231
6230
6229
6228
6224
6220
6218
6211
6206
6202
6201
6200
6197
6197
6197
6195
6189
6187
6187
6186
6185
6184
6183
6175
6174
6172
6168
6168
6167
6164
6164
6161
6161
6160
6158
6158
6155
6155
6152
6147
6146
6141
6138
6134
6134
6128
6127
6126
6124
6124
6122
6121
6121
6120
6113
6111
6110
6104
6104
6101
6099
6097
6096
6096
6093
6093
6091
6086
6085
6082
6080
6079
6076
6074
6070
6069
6063
6059
6059
6056
6055
6054
6054
6051
6050
6049
6049
6049
6049
6048
6045
6045
6043
6037
6035
6034
6027
6021
6020
6019
6018
6018
6012
6008
6004
6004
6003
5992
5990
5986
5981
5980
5980
5979
5979
5976
5972
5971
5967
5966
5965
5961
5959
5959
5957
5957
5957
5956
5955
5955
5954
5953
5949
5949
5946
5943
5942
5939
5937
5934
5932
5930
5930
5925
5925
5924
5922
5920
5919
5916
5916
5912
5912
5911
5907
5907
5906
5904
5901
5896
5895
5893
5893
5892
5889
5889
5889
5886
5885
5883
5876
5876
5875
5875
5870
5869
5868
5867
5866
5864
5863
5861
5859
5852
5851
5849
5846
5846
5844
5841
5838
5837
5837
5834
5834
5832
5832
5829
5823
5822
5818
5817
5815
5814
5814
5811
5811
5809
5809
5808
5806
5802
5802
5795
5794
5794
5794
5791
5790
5790
5790
5789
5786
5786
5785
5783
5782
5778
5778
5774
5773
5772
5771
5770
5765
5757
5755
5751
5750
5749
5746
5745
5744
5743
5742
5742
5741
5739
5739
5737
5734
5731
5728
5725
5724
5724
5720
5718
5717
5717
5717
5717
5717
5716
5713
5711
5705
5705
5702
5702
5702
5701
5699
5698
5697
5696
5688
5685
5684
5684
5680
5678
5675
5674
5671
5670
5669
5668
5666
5666
5663
5660
5660
5643
5642
5636
5635
5635
5632
5631
5629
5629
5627
5627
5623
5621
5618
5617
5617
5610
5609
5607
5606
5606
5600
5595
5595
5593
5591
5590
5589
5585
5585
5584
5583
5582
5582
5581
5579
5579
5579
5575
5573
5572
5571
5569
5568
5566
5566
5560
5557
5556
5555
5550
5548
5544
5541
5541
5540
5540
5539
5536
5532
5532
5532
5532
5527
5526
5525
5520
5518
5516
5513
5513
5511
5508
5505
5505
5504
5501
5500
5497
5494
5492
5492
5492
5490
5487
5485
5484
5480
5478
5477
5477
5476
5474
5469
5463
5461
5460
5460
5456
5456
5455
5453
5447
5447
5441
5439
5438
5436
5435
5433
5433
5430
5425
5425
5420
5418
5413
5409
5405
5401
5394
5392
5391
5387
5385
5385
5383
5381
5381
5371
5368
5361
5358
5353
5349
5347
5346
5346
5342
5334
5334
5331
5331
5330
5329
5324
5315
5311
5310
5306
5305
5304
5304
5302
5301
5299
5299
5298
5298
5296
5294
5292
5291
5289
5288
5284
5284
5282
5276
5275
5274
5273
5271
5271
5270
5264
5261
5260
5255
5247
5245
5243
5242
5241
5240
5230
5227
5226
5224
5224
5223
5222
5219
5218
5214
5214
5214
5213
5206
5204
5199
5198
5197
5196
5196
5191
5191
5187
5187
5186
5186
5186
5184
5181
5180
5179
5178
5177
5176
5175
5174
5174
5173
5172
5172
5168
5168
5168
5166
5157
5155
5153
5147
5146
5146
5144
5141
5137
5136
5132
5132
5131
5126
5122
5121
5120
5119
5114
5114
5113
5110
5109
5108
5108
5108
5107
5105
5105
5105
5105
5104
5103
5102
5101
5099
5098
5098
5098
5096
5095
5092
5089
5087
5081
5081
5081
5079
5076
5075
5075
5073
5072
5070
5069
5069
5068
5068
5067
5066
5065
5064
5062
5058
5056
5054
5053
5053
5052
5051
5049
5041
5035
5033
5032
5031
5030
5023
5022
5015
5012
5011
5011
5001
5001
5000
5000
4999
4990
4988
4988
4986
4986
4984
4973
4957
4957
4955
4952
4949
4949
4945
4944
4944
4943
4938
4933
4933
4932
4929
4928
4928
4927
4926
4923
4917
4916
4914
4912
4910
4908
4906
4906
4904
4900
4898
4897
4895
4891
4891
4891
4890
4888
4884
4879
4878
4875
4875
4874
4870
4870
4868
4867
4867
4864
4863
4863
4862
4861
4861
4853
4851
4849
4849
4848
4846
4846
4843
4843
4842
4841
4835
4834
4832
4832
4831
4828
4827
4825
4824
4822
4821
4820
4816
4814
4813
4813
4812
4812
4810
4808
4807
4805
4805
4803
4799
4796
4787
4787
4783
4783
4779
4778
4776
4772
4771
4769
4767
4765
4764
4763
4761
4760
4757
4756
4752
4751
4747
4744
4744
4740
4740
4738
4738
4734
4732
4728
4727
4726
4723
4720
4719
4716
4714
4710
4708
4706
4704
4704
4703
4703
4701
4699
4699
4693
4693
4692
4688
4686
4683
4683
4681
4680
4677
4673
4670
4668
4664
4658
4656
4654
4651
4648
4648
4645
4644
4640
4635
4634
4633
4632
4631
4630
4622
4622
4620
4618
4618
4618
4617
4615
4614
4607
4605
4599
4596
4591
4588
4587
4585
4585
4584
4583
4583
4581
4581
4579
4578
4577
4570
4568
4564
4564
4563
4563
4562
4559
4558
4555
4554
4552
4552
4546
4543
4543
4539
4539
4538
4528
4527
4525
4525
4524
4520
4517
4516
4513
4513
4513
4511
4509
4508
4506
4505
4504
4503
4497
4497
4497
4496
4492
4491
4488
4484
4483
4479
4478
4477
4477
4476
4475
4474
4473
4473
4471
4465
4461
4460
4455
4453
4451
4449
4447
4446
4445
4445
4443
4442
4442
4442
4441
4437
4436
4433
4428
4426
4422
4422
4418
4413
4413
4412
4408
4408
4407
4406
4406
4405
4404
4403
4399
4397
4394
4392
4390
4389
4387
4386
4385
4385
4384
4376
4375
4374
4371
4367
4358
4356
4356
4355
4353
4350
4346
4344
4343
4343
4343
4342
4340
4340
4337
4331
4331
4329
4326
4326
4322
4322
4319
4315
4312
4311
4310
4309
4308
4307
4307
4306
4306
4304
4303
4302
4302
4295
4294
4293
4292
4290
4289
4286
4284
4283
4278
4278
4273
4270
4270
4269
4268
4267
4266
4265
4264
4260
4254
4254
4250
4249
4247
4244
4243
4240
4240
4236
4236
4235
4234
4233
4233
4232
4228
4226
4222
4221
4221
4220
4220
4220
4217
4216
4215
4214
4212
4210
4209
4206
4204
4199
4195
4191
4191
4189
4188
4187
4186
4182
4180
4180
4179
4178
4176
4175
4174
4173
4172
4172
4170
4169
4169
4169
4165
4164
4163
4163
4160
4160
4158
4152
4152
4152
4135
4135
4133
4132
4126
4126
4124
4123
4122
4121
4121
4121
4120
4120
4118
4116
4111
4110
4110
4102
4102
4101
4098
4096
4096
4093
4093
4092
4091
4089
4087
4087
4086
4084
4083
4080
4074
4074
4072
4071
4071
4070
4069
4067
4065
4064
4062
4060
4059
4059
4057
4055
4054
4053
4052
4051
4051
4050
4044
4040
4039
4038
4038
4036
4034
4033
4032
4029
4028
4027
4026
4018
4017
4011
4008
4003
4001
3984
3982
3981
3981
3979
3978
3976
3974
3973
3965
3965
3962
3958
3957
3950
3950
3948
3947
3942
3940
3939
3937
3931
3928
3928
3925
3921
3920
3920
3920
3919
3919
3918
3915
3915
3913
3912
3909
3908
3904
3902
3901
3899
3898
3898
3895
3889
3883
3883
3882
3881
3876
3873
3865
3864
3863
3861
3860
3860
3859
3857
3856
3855
3854
3852
3849
3847
3843
3840
3839
3836
3835
3834
3831
3827
3824
3824
3822
3822
3819
3819
3817
3816
3816
3815
3814
3811
3810
3807
3807
3803
3803
3802
3801
3801
3796
3794
3791
3788
3785
3784
3774
3772
3771
3770
3766
3763
3761
3760
3760
3759
3754
3753
3752
3751
3748
3748
3744
3743
3743
3742
3739
3734
3733
3728
3723
3722
3722
3721
3721
3721
3720
3713
3708
3704
3703
3702
3701
3698
3691
3686
3685
3680
3678
3678
3678
3677
3669
3666
3665
3664
3661
3661
3660
3656
3653
3651
3650
3650
3648
3647
3645
3641
3632
3630
3629
3628
3627
3626
3625
3624
3606
3606
3601
3600
3598
3590
3590
3589
3588
3585
3583
3580
3578
3576
3575
3575
3572
3569
3563
3563
3561
3560
3559
3557
3557
3553
3549
3547
3547
3544
3543
3542
3541
3541
3541
3540
3539
3536
3536
3535
3535
3532
3532
3527
3527
3525
3520
3520
3516
3514
3500
3492
3491
3491
3491
3482
3476
3476
3474
3474
3474
3471
3469
3468
3468
3467
3466
3465
3462
3461
3459
3458
3458
3455
3454
3449
3448
3446
3446
3446
3446
3443
3442
3439
3436
3435
3433
3431
3430
3429
3423
3421
3415
3414
3414
3414
3414
3412
3412
3406
3406
3401
3399
3397
3397
3394
3391
3390
3389
3386
3381
3381
3380
3379
3376
3376
3376
3374
3373
3373
3372
3366
3364
3363
3361
3359
3358
3357
3355
3355
3353
3350
3348
3348
3346
3342
3342
3341
3341
3339
3338
3337
3336
3334
3332
3332
3331
3330
3329
3322
3321
3318
3317
3316
3313
3313
3305
3303
3301
3295
3293
3291
3287
3286
3286
3285
3282
3279
3278
3278
3278
3274
3274
3272
3271
3268
3260
3258
3253
3250
3249
3244
3240
3239
3238
3235
3227
3226
3226
3224
3224
3218
3211
3207
3207
3205
3200
3199
3198
3197
3196
3195
3190
3187
3185
3173
3173
3171
3170
3169
3168
3167
3166
3165
3162
3161
3156
3155
3148
3139
3137
3136
3135
3133
3132
3131
3131
3130
3129
3129
3120
3114
3114
3113
3111
3110
3105
3099
3097
3090
3088
3086
3085
3084
3084
3078
3078
3073
3066
3065
3064
3060
3059
3057
3056
3050
3048
3047
3045
3044
3043
3043
3042
3041
3041
3040
3040
3036
3033
3031
3031
3031
3031
3028
3024
3022
3019
3019
3015
3014
3014
3008
3005
3005
3001
3000
2996
2995
2994
2992
2983
2983
2979
2978
2971
2969
2966
2965
2963
2962
2962
2956
2949
2948
2947
2943
2936
2934
2930
2929
2926
2921
2921
2919
2919
2917
2915
2913
2913
2906
2902
2901
2897
2895
2891
2890
2884
2879
2878
2876
2875
2873
2871
2870
2866
2865
2865
2864
2859
2858
2854
2853
2852
2852
2848
2846
2845
2845
2844
2844
2843
2839
2839
2838
2836
2835
2830
2830
2827
2827
2821
2816
2816
2814
2812
2811
2810
2808
2807
2802
2800
2799
2796
2793
2791
2789
2788
2787
2787
2787
2784
2783
2780
2779
2778
2778
2776
2775
2773
2771
2767
2764
2752
2751
2749
2747
2745
2740
2738
2730
2723
2723
2723
2723
2721
2718
2716
2714
2707
2705
2704
2700
2690
2690
2687
2684
2684
2683
2680
2679
2678
2673
2670
2670
2669
2669
2669
2668
2666
2659
2657
2656
2656
2652
2652
2651
2651
2649
2647
2646
2644
2642
2640
2638
2636
2632
2631
2630
2628
2626
2620
2618
2610
2610
2609
2608
2601
2596
2592
2590
2588
2587
2587
2586
2583
2583
2580
2579
2578
2575
2569
2566
2564
2564
2563
2561
2561
2560
2554
2553
2553
2548
2545
2543
2540
2532
2529
2527
2526
2523
2522
2519
2512
2511
2510
2510
2509
2508
2507
2506
2504
2502
2501
2500
2500
2500
2497
2497
2495
2490
2489
2487
2484
2482
2477
2477
2476
2476
2475
2469
2468
2468
2468
2467
2466
2466
2465
2463
2463
2461
2460
2455
2455
2454
2454
2453
2449
2448
2445
2444
2443
2442
2440
2439
2435
2433
2433
2430
2429
2428
2427
2424
2424
2424
2423
2420
2420
2420
2420
2419
2419
2418
2416
2413
2413
2410
2410
2409
2408
2406
2406
2398
2397
2395
2393
2393
2393
2392
2392
2391
2388
2385
2384
2384
2382
2380
2380
2379
2374
2374
2371
2363
2357
2356
2345
2343
2339
2333
2333
2332
2332
2329
2324
2321
2319
2317
2316
2313
2306
2306
2304
2300
2298
2298
2294
2291
2289
2289
2288
2287
2287
2286
2286
2285
2285
2279
2276
2275
2274
2273
2268
2266
2266
2263
2261
2256
2253
2250
2248
2246
2246
2245
2237
2234
2233
2233
2228
2226
2224
2223
2223
2221
2217
2217
2215
2215
2214
2212
2212
2210
2209
2208
2207
2207
2207
2206
2204
2204
2204
2203
2202
2198
2196
2196
2195
2192
2191
2189
2189
2188
2188
2186
2185
2184
2183
2180
2177
2174
2170
2169
2167
2166
2165
2150
2149
2147
2147
2147
2145
2143
2142
2140
2137
2133
2133
2128
2126
2126
2126
2125
2122
2118
2116
2114
2112
2110
2107
2106
2106
2105
2104
2103
2102
2100
2097
2093
2092
2091
2091
2089
2087
2085
2084
2080
2079
2079
2078
2077
2075
2075
2075
2071
2069
2065
2065
2060
2060
2059
2059
2056
2056
2054
2053
2052
2051
2047
2046
2044
2043
2041
2039
2037
2034
2031
2030
2030
2025
2025
2025
2023
2023
2020
2018
2014
2014
2012
2012
2012
2010
2010
2003
1998
1994
1992
1988
1985
1982
1980
1976
1976
1974
1971
1969
1968
1965
1964
1964
1963
1957
1957
1957
1954
1953
1950
1950
1949
1936
1925
1923
1920
1918
1917
1917
1916
1914
1911
1909
1909
1906
1905
1903
1899
1898
1896
1896
1896
1894
1892
1892
1891
1891
1890
1890
1888
1887
1887
1885
1880
1878
1874
1873
1872
1871
1870
1868
1866
1866
1864
1862
1862
1860
1858
1855
1855
1852
1852
1850
1849
1849
1846
1846
1844
1843
1842
1839
1835
1834
1834
1833
1832
1831
1830
1826
1822
1822
1822
1821
1820
1817
1816
1811
1811
1809
1805
1802
1801
1801
1798
1796
1796
1796
1793
1790
1790
1790
1789
1788
1786
1786
1785
1779
1779
1778
1775
1774
1773
1773
1772
1771
1769
1767
1766
1763
1761
1760
1759
1759
1758
1757
1756
1756
1756
1755
1754
1754
1751
1747
1745
1745
1743
1740
1739
1737
1737
1737
1728
1728
1727
1726
1723
1722
1720
1719
1717
1713
1710
1709
1708
1707
1705
1704
1703
1700
1698
1688
1687
1683
1682
1682
1680
1679
1676
1674
1673
1671
1669
1668
1668
1660
1648
1643
1642
1639
1639
1637
1637
1634
1633
1629
1626
1619
1615
1614
1614
1612
1611
1608
1607
1607
1607
1604
1600
1599
1596
1595
1595
1593
1593
1593
1592
1591
1589
1588
1588
1586
1585
1584
1584
1583
1581
1579
1579
1575
1574
1571
1571
1571
1569
1568
1568
1567
1561
1561
1559
1557
1554
1553
1553
1551
1548
1547
1546
1543
1542
1538
1538
1535
1535
1535
1533
1526
1525
1525
1524
1523
1522
1521
1521
1520
1519
1517
1517
1515
1513
1512
1510
1509
1503
1500
1498
1498
1495
1495
1490
1488
1487
1483
1483
1483
1480
1478
1474
1469
1468
1468
1468
1467
1467
1465
1463
1463
1462
1462
1454
1451
1450
1446
1444
1443
1438
1436
1435
1435
1434
1430
1425
1421
1420
1418
1413
1412
1411
1407
1406
1405
1401
1400
1400
1396
1392
1392
1391
1390
1387
1384
1380
1380
1376
1371
1367
1363
1363
1362
1362
1362
1359
1359
1359
1358
1356
1354
1350
1347
1345
1337
1335
1330
1328
1327
1325
1325
1323
1322
1317
1314
1312
1310
1310
1309
1309
1307
1307
1306
1304
1301
1301
1297
1296
1295
1295
1290
1289
1288
1288
1287
1285
1283
1281
1280
1280
1276
1273
1271
1270
1265
1264
1263
1262
1251
1251
1245
1243
1242
1242
1241
1240
1239
1234
1234
1231
1230
1228
1226
1225
1224
1224
1214
1213
1213
1211
1210
1205
1204
1203
1197
1196
1194
1194
1193
1191
1190
1188
1186
1186
1181
1179
1179
1176
1171
1169
1168
1163
1163
1162
1160
1159
1153
1148
1147
1146
1143
1141
1137
1135
1134
1133
1132
1127
1127
1126
1123
1119
1117
1115
1112
1112
1105
1105
1101
1097
1096
1095
1092
1092
1092
1089
1086
1086
1085
1085
1082
1078
1075
1071
1066
1065
1064
1063
1062
1060
1060
1054
1049
1047
1046
1044
1044
1043
1042
1040
1033
1031
1030
1028
1027
1026
1021
1012
1008
1004
1002
1001
1001
1000
998
996
991
990
987
987
980
976
975
975
975
973
973
972
970
968
968
965
963
963
959
954
953
951
950
950
948
947
947
939
938
936
929
926
924
918
917
915
914
914
909
908
907
903
901
900
899
898
896
895
891
890
889
888
883
877
877
873
871
869
868
865
860
856
855
853
852
849
845
841
838
837
834
833
830
827
827
825
823
821
819
818
818
813
813
810
809
808
806
803
802
802
799
791
790
788
786
779
776
773
768
768
765
763
762
761
756
752
751
750
750
748
747
747
743
742
738
738
737
730
730
728
727
724
724
721
719
717
715
713
707
706
700
697
691
690
687
687
686
685
679
676
674
671
671
670
669
669
666
666
665
665
664
662
659
658
656
653
651
649
646
640
636
633
633
633
629
628
625
625
623
622
620
617
616
612
611
609
607
605
602
598
594
590
587
586
582
580
579
576
575
574
573
571
571
567
565
565
564
564
563
561
559
558
558
556
555
553
548
547
546
543
542
541
540
540
538
533
532
531
527
523
513
511
507
504
504
502
501
500
499
496
495
494
492
491
491
487
485
484
484
481
481
480
476
476
475
471
471
469
469
468
467
462
458
458
455
455
453
449
449
448
448
445
445
443
442
442
438
437
435
434
434
433
432
431
431
428
426
424
418
414
410
408
407
403
398
396
396
394
386
385
383
381
380
379
378
374
368
362
360
360
359
358
355
352
352
351
350
349
349
348
347
345
345
340
338
338
336
329
328
328
327
326
320
317
316
316
314
307
304
298
297
296
294
289
285
284
278
277
277
273
272
271
267
267
266
265
262
259
255
254
251
249
248
243
238
238
235
232
231
230
225
224
222
220
219
216
214
213
211
209
209
207
205
204
201
200
200
200
198
198
198
197
194
189
186
185
181
179
178
178
177
175
174
173
171
168
168
167
166
164
160
158
156
156
155
154
151
150
150
144
142
137
135
134
133
126
121
121
113
113
106
104
103
101
98
98
95
92
89
89
85
84
82
79
78
75
69
64
63
60
51
47
45
42
40
40
39
39
36
36
33
31
31
28
28
27
26
22
22
21
20
19
17
16
14
10
9
0
-1
-1
-2
-3
-4
-4
-5
-11
-11
-15
-16
-17
-18
-19
-21
-21
-23
-25
-26
-26
-28
-31
-32
-34
-34
-34
-39
-40
-44
-45
-48
-49
-51
-54
-56
-66
-68
-68
-69
-69
-70
-73
-74
-75
-75
-77
-81
-91
-91
-93
-94
-95
-97
-99
-101
-102
-105
-106
-111
-112
-113
-117
-118
-119
-120
-121
-122
-122
-128
-131
-134
-138
-138
-138
-139
-141
-143
-144
-145
-146
-146
-147
-148
-149
-149
-150
-151
-154
-156
-158
-160
-162
-162
-166
-167
-169
-171
-173
-174
-176
-182
-185
-186
-189
-189
-190
-193
-195
-196
-198
-202
-208
-209
-213
-222
-227
-228
-230
-233
-241
-246
-247
-248
-249
-251
-252
-252
-253
-255
-256
-258
-258
-259
-259
-260
-261
-261
-262
-268
-270
-272
-272
-272
-273
-274
-275
-278
-281
-283
-290
-293
-293
-293
-295
-296
-298
-299
-302
-303
-306
-307
-310
-310
-315
-315
-319
-319
-319
-319
-320
-321
-322
-324
-324
-325
-326
-326
-329
-331
-333
-334
-338
-339
-339
-340
-344
-344
-344
-345
-346
-349
-350
-354
-358
-372
-373
-376
-377
-378
-381
-381
-381
-385
-387
-388
-389
-390
-391
-391
-392
-399
-401
-402
-403
-404
-405
-407
-412
-413
-413
-413
-414
-414
-414
-416
-416
-416
-417
-420
-423
-424
-425
-425
-428
-429
-436
-438
-440
-441
-444
-448
-451
-451
-455
-459
-460
-462
-463
-464
-464
-466
-469
-470
-475
-477
-483
-484
-488
-492
-495
-499
-505
-507
-508
-509
-515
-517
-521
-529
-530
-533
-535
-536
-536
-537
-541
-544
-545
-549
-553
-557
-558
-559
-562
-565
-566
-569
-569
-569
-571
-571
-572
-573
-573
-574
-576
-580
-581
-583
-587
-591
-593
-593
-594
-594
-595
-597
-600
-601
-601
-603
-608
-611
-612
-613
-613
-614
-615
-616
-618
-619
-624
-628
-636
-638
-639
-642
-645
-647
-648
-648
-654
-658
-659
-660
-661
-661
-662
-662
-665
-670
-675
-675
-677
-677
-679
-679
-689
-690
-690
-691
-692
-697
-700
-705
-711
-713
-716
-722
-723
-725
-725
-725
-727
-728
-729
-730
-733
-735
-737
-738
-744
-744
-746
-749
-749
-750
-754
-755
-757
-761
-762
-764
-765
-765
-768
-770
-772
-773
-775
-777
-780
-783
-784
-787
-789
-791
-793
-794
-794
-796
-797
-797
-803
-804
-805
-811
-811
-812
-814
-815
-816
-818
-823
-824
-828
-830
-830
-834
-836
-839
-842
-845
-845
-846
-846
-847
-847
-850
-853
-853
-857
-857
-858
-861
-862
-865
-866
-868
-872
-873
-874
-880
-885
-886
-888
-892
-901
-903
-904
-904
-904
-905
-906
-908
-910
-912
-916
-918
-920
-922
-923
-923
-924
-924
-925
-926
-927
-927
-929
-930
-934
-934
-935
-938
-938
-941
-944
-945
-948
-953
-954
-956
-969
-971
-972
-974
-975
-978
-978
-980
-982
-984
-985
-985
-987
-989
-989
-989
-990
-990
-992
-997
-998
-999
-999
-1000
-1000
-1001
-1002
-1002
-1005
-1006
-1007
-1009
-1012
-1015
-1019
-1019
-1020
-1021
-1022
-1027
-1028
-1030
-1030
-1032
-1033
-1033
-1034
-1034
-1037
-1045
-1049
-1050
-1054
-1054
-1055
-1056
-1059
-1060
-1060
-1065
-1065
-1065
-1070
-1071
-1077
-1079
-1079
-1082
-1085
-1086
-1087
-1088
-1089
-1090
-1090
-1090
-1091
-1092
-1092
-1093
-1098
-1100
-1101
-1103
-1105
-1106
-1113
-1114
-1118
-1122
-1123
-1126
-1129
-1132
-1136
-1136
-1137
-1138
-1138
-1141
-1141
-1142
-1144
-1145
-1148
-1148
-1149
-1149
-1149
-1152
-1152
-1154
-1155
-1160
-1160
-1161
-1162
-1163
-1164
-1166
-1167
-1168
-1173
-1175
-1176
-1177
-1178
-1178
-1183
-1185
-1191
-1192
-1195
-1198
-1198
-1200
-1202
-1204
-1206
-1207
-1209
-1211
-1212
-1213
-1214
-1215
-1215
-1216
-1216
-1217
-1219
-1222
-1225
-1226
-1227
-1229
-1230
-1230
-1232
-1232
-1233
-1238
-1239
-1240
-1240
-1241
-1242
-1243
-1244
-1244
-1249
-1251
-1258
-1262
-1266
-1266
-1267
-1268
-1271
-1271
-1271
-1271
-1272
-1274
-1277
-1278
-1280
-1280
-1280
-1282
-1283
-1284
-1285
-1286
-1288
-1289
-1290
-1294
-1294
-1295
-1295
-1296
-1299
-1299
-1304
-1304
-1306
-1308
-1309
-1313
-1315
-1317
-1318
-1322
-1323
-1324
-1325
-1327
-1329
-1329
-1332
-1334
-1334
-1337
-1337
-1341
-1344
-1347
-1347
-1350
-1351
-1352
-1355
-1355
-1357
-1359
-1359
-1361
-1371
-1371
-1373
-1375
-1376
-1384
-1385
-1387
-1389
-1389
-1389
-1391
-1392
-1393
-1394
-1394
-1395
-1395
-1396
-1397
-1402
-1405
-1405
-1410
-1412
-1414
-1414
-1415
-1421
-1424
-1425
-1425
-1425
-1428
-1429
-1429
-1430
-1430
-1432
-1434
-1434
-1435
-1436
-1438
-1438
-1439
-1440
-1442
-1443
-1449
-1450
-1451
-1454
-1458
-1458
-1461
-1464
-1467
-1467
-1469
-1470
-1473
-1474
-1475
-1477
-1479
-1480
-1482
-1482
-1488
-1489
-1490
-1491
-1493
-1493
-1496
-1509
-1510
-1513
-1516
-1518
-1521
-1526
-1526
-1527
-1528
-1528
-1528
-1528
-1530
-1535
-1537
-1539
-1540
-1542
-1543
-1546
-1548
-1548
-1551
-1554
-1558
-1561
-1561
-1564
-1567
-1568
-1571
-1573
-1573
-1576
-1578
-1578
-1579
-1580
-1580
-1583
-1584
-1589
-1594
-1602
-1603
-1604
-1606
-1606
-1607
-1608
-1610
-1611
-1613
-1622
-1622
-1628
-1630
-1630
-1630
-1630
-1633
-1634
-1634
-1635
-1635
-1638
-1642
-1642
-1642
-1643
-1644
-1645
-1645
-1647
-1649
-1652
-1653
-1653
-1655
-1657
-1657
-1661
-1662
-1663
-1663
-1664
-1666
-1674
-1680
-1680
-1681
-1683
-1684
-1685
-1688
-1689
-1693
-1696
-1697
-1698
-1699
-1699
-1701
-1702
-1707
-1708
-1711
-1713
-1716
-1716
-1717
-1718
-1718
-1718
-1722
-1726
-1727
-1729
-1731
-1734
-1736
-1737
-1738
-1738
-1739
-1743
-1744
-1748
-1751
-1754
-1755
-1759
-1764
-1766
-1766
-1770
-1770
-1772
-1778
-1779
-1780
-1780
-1782
-1783
-1784
-1787
-1790
-1793
-1797
-1798
-1798
-1798
-1800
-1801
-1802
-1806
-1808
-1810
-1811
-1813
-1814
-1816
-1817
-1823
-1824
-1824
-1827
-1828
-1832
-1832
-1836
-1839
-1842
-1843
-1845
-1846
-1846
-1848
-1849
-1853
-1854
-1856
-1858
-1858
-1862
-1862
-1864
-1867
-1870
-1877
-1881
-1886
-1888
-1896
-1901
-1901
-1907
-1907
-1909
-1910
-1912
-1912
-1914
-1915
-1924
-1924
-1927
-1935
-1937
-1941
-1941
-1944
-1946
-1946
-1953
-1953
-1954
-1955
-1958
-1959
-1960
-1960
-1962
-1964
-1964
-1966
-1966
-1975
-1975
-1977
-1977
-1978
-1978
-1979
-1982
-1987
-1989
-1990
-1990
-1991
-1993
-1995
-1995
-1998
-1999
-2000
-2001
-2001
-2002
-2005
-2005
-2006
-2007
-2016
-2017
-2017
-2019
-2022
-2022
-2026
-2027
-2028
-2030
-2036
-2039
-2039
-2039
-2039
-2040
-2045
-2046
-2047
-2048
-2048
-2050
-2051
-2054
-2063
-2064
-2066
-2069
-2070
-2070
-2072
-2074
-2076
-2076
-2081
-2082
-2083
-2087
-2087
-2088
-2088
-2090
-2091
-2092
-2093
-2095
-2096
-2096
-2100
-2100
-2102
-2107
-2107
-2111
-2114
-2115
-2118
-2120
-2121
-2122
-2125
-2129
-2131
-2133
-2135
-2137
-2137
-2137
-2138
-2145
-2146
-2147
-2147
-2148
-2152
-2153
-2154
-2158
-2164
-2168
-2170
-2171
-2173
-2175
-2177
-2181
-2182
-2183
-2184
-2185
-2187
-2189
-2190
-2191
-2192
-2194
-2196
-2198
-2201
-2202
-2204
-2204
-2205
-2206
-2208
-2210
-2211
-2214
-2217
-2219
-2223
-2224
-2226
-2226
-2228
-2230
-2233
-2233
-2235
-2235
-2236
-2236
-2237
-2239
-2241
-2242
-2245
-2246
-2247
-2247
-2248
-2252
-2255
-2257
-2257
-2260
-2260
-2269
-2269
-2270
-2271
-2272
-2273
-2273
-2274
-2275
-2275
-2277
-2281
-2282
-2283
-2290
-2291
-2295
-2298
-2298
-2299
-2299
-2299
-2301
-2302
-2305
-2306
-2309
-2309
-2310
-2311
-2311
-2316
-2316
-2317
-2318
-2320
-2320
-2320
-2324
-2324
-2327
-2330
-2331
-2334
-2340
-2344
-2345
-2348
-2351
-2352
-2355
-2356
-2356
-2357
-2358
-2361
-2363
-2368
-2369
-2370
-2371
-2372
-2373
-2373
-2377
-2379
-2380
-2382
-2383
-2385
-2385
-2387
-2389
-2391
-2392
-2393
-2393
-2394
-2394
-2398
-2401
-2401
-2402
-2402
-2403
-2403
-2404
-2406
-2406
-2409
-2412
-2412
-2415
-2419
-2420
-2424
-2425
-2425
-2428
-2431
-2432
-2432
-2432
-2432
-2433
-2433
-2438
-2439
-2443
-2450
-2450
-2455
-2456
-2456
-2461
-2461
-2462
-2466
-2470
-2471
-2477
-2484
-2487
-2489
-2489
-2496
-2496
-2498
-2498
-2500
-2503
-2504
-2504
-2506
-2510
-2512
-2518
-2519
-2522
-2527
-2529
-2529
-2535
-2536
-2539
-2539
-2542
-2543
-2544
-2546
-2549
-2550
-2552
-2552
-2554
-2558
-2558
-2564
-2565
-2571
-2571
-2572
-2572
-2573
-2573
-2574
-2574
-2576
-2577
-2578
-2579
-2580
-2580
-2581
-2582
-2583
-2585
-2592
-2593
-2596
-2597
-2602
-2603
-2603
-2607
-2610
-2616
-2617
-2622
-2623
-2624
-2628
-2629
-2640
-2642
-2644
-2645
-2649
-2651
-2652
-2653
-2653
-2655
-2655
-2660
-2663
-2664
-2665
-2667
-2667
-2671
-2671
-2671
-2673
-2676
-2679
-2680
-2681
-2681
-2688
-2690
-2690
-2691
-2692
-2693
-2695
-2697
-2702
-2703
-2703
-2705
-2705
-2706
-2710
-2712
-2715
-2717
-2718
-2719
-2721
-2722
-2725
-2726
-2726
-2728
-2734
-2735
-2735
-2738
-2747
-2748
-2749
-2755
-2756
-2760
-2764
-2765
-2766
-2767
-2768
-2770
-2771
-2774
-2777
-2781
-2783
-2787
-2788
-2789
-2795
-2796
-2800
-2801
-2802
-2804
-2804
-2804
-2804
-2810
-2812
-2812
-2813
-2815
-2817
-2819
-2819
-2822
-2827
-2832
-2837
-2837
-2838
-2840
-2841
-2849
-2849
-2850
-2852
-2855
-2856
-2858
-2867
-2868
-2869
-2872
-2874
-2877
-2878
-2879
-2882
-2883
-2888
-2892
-2893
-2894
-2896
-2897
-2900
-2901
-2903
-2903
-2905
-2905
-2906
-2912
-2913
-2916
-2919
-2921
-2922
-2925
-2925
-2925
-2926
-2928
-2931
-2931
-2931
-2935
-2939
-2941
-2941
-2943
-2945
-2950
-2951
-2953
-2959
-2960
-2962
-2963
-2963
-2964
-2967
-2968
-2968
-2969
-2969
-2972
-2972
-2972
-2973
-2978
-2982
-2982
-2983
-2986
-2987
-2992
-2994
-2999
-3002
-3003
-3006
-3006
-3007
-3010
-3014
-3016
-3020
-3021
-3022
-3024
-3024
-3028
-3029
-3032
-3033
-3033
-3036
-3040
-3043
-3046
-3047
-3047
-3048
-3049
-3051
-3051
-3052
-3053
-3053
-3056
-3057
-3058
-3059
-3062
-3064
-3064
-3065
-3066
-3073
-3074
-3075
-3076
-3078
-3078
-3079
-3085
-3086
-3093
-3096
-3101
-3104
-3104
-3106
-3109
-3112
-3115
-3116
-3119
-3119
-3124
-3124
-3126
-3130
-3132
-3136
-3137
-3139
-3141
-3142
-3142
-3144
-3145
-3146
-3146
-3147
-3153
-3160
-3161
-3163
-3166
-3169
-3172
-3175
-3176
-3178
-3179
-3181
-3184
-3185
-3187
-3189
-3191
-3193
-3196
-3201
-3202
-3205
-3206
-3208
-3215
-3218
-3222
-3226
-3226
-3228
-3228
-3231
-3231
-3234
-3238
-3240
-3240
-3242
-3243
-3243
-3243
-3243
-3246
-3247
-3248
-3250
-3250
-3252
-3257
-3258
-3265
-3266
-3271
-3273
-3274
-3274
-3275
-3275
-3277
-3279
-3282
-3284
-3292
-3293
-3294
-3298
-3300
-3302
-3303
-3306
-3307
-3308
-3308
-3308
-3317
-3318
-3321
-3326
-3327
-3331
-3331
-3333
-3334
-3335
-3340
-3342
-3344
-3349
-3353
-3355
-3359
-3361
-3363
-3364
-3365
-3368
-3369
-3371
-3372
-3374
-3378
-3379
-3388
-3389
-3390
-3390
-3393
-3393
-3393
-3395
-3395
-3397
-3400
-3401
-3407
-3409
-3415
-3417
-3420
-3422
-3422
-3427
-3428
-3430
-3432
-3432
-3432
-3438
-3438
-3440
-3441
-3441
-3442
-3442
-3447
-3448
-3456
-3457
-3458
-3458
-3458
-3459
-3461
-3462
-3462
-3466
-3467
-3468
-3469
-3470
-3477
-3479
-3485
-3498
-3500
-3502
-3503
-3504
-3505
-3506
-3509
-3512
-3516
-3521
-3523
-3523
-3523
-3524
-3525
-3527
-3527
-3531
-3533
-3534
-3535
-3537
-3538
-3538
-3543
-3543
-3545
-3551
-3554
-3560
-3561
-3563
-3565
-3566
-3566
-3567
-3569
-3569
-3571
-3572
-3572
-3577
-3580
-3582
-3583
-3583
-3588
-3593
-3604
-3605
-3606
-3606
-3610
-3611
-3613
-3615
-3618
-3618
-3619
-3619
-3621
-3621
-3622
-3624
-3638
-3638
-3639
-3641
-3642
-3642
-3645
-3646
-3650
-3652
-3653
-3655
-3656
-3658
-3662
-3663
-3663
-3664
-3665
-3667
-3670
-3671
-3675
-3676
-3676
-3678
-3679
-3679
-3680
-3680
-3681
-3686
-3687
-3687
-3687
-3689
-3690
-3692
-3697
-3697
-3708
-3709
-3709
-3718
-3720
-3722
-3723
-3725
-3731
-3732
-3733
-3733
-3735
-3736
-3736
-3737
-3738
-3738
-3739
-3739
-3739
-3743
-3744
-3745
-3753
-3758
-3759
-3760
-3760
-3761
-3763
-3766
-3769
-3770
-3771
-3774
-3774
-3775
-3775
-3776
-3777
-3778
-3783
-3784
-3785
-3787
-3788
-3790
-3791
-3793
-3796
-3799
-3802
-3805
-3809
-3809
-3809
-3810
-3813
-3815
-3817
-3817
-3818
-3821
-3823
-3828
-3829
-3831
-3833
-3835
-3836
-3840
-3843
-3844
-3848
-3849
-3850
-3854
-3854
-3863
-3866
-3869
-3871
-3872
-3875
-3877
-3879
-3880
-3882
-3882
-3883
-3886
-3886
-3889
-3890
-3891
-3894
-3895
-3901
-3901
-3907
-3908
-3914
-3925
-3926
-3930
-3933
-3934
-3934
-3935
-3940
-3945
-3947
-3951
-3955
-3955
-3963
-3966
-3967
-3967
-3970
-3978
-3978
-3979
-3984
-3984
-3985
-3985
-3986
-3987
-3992
-3994
-3995
-3995
-3996
-4001
-4005
-4011
-4012
-4015
-4015
-4016
-4021
-4023
-4023
-4026
-4026
-4028
-4032
-4033
-4033
-4033
-4035
-4038
-4038
-4043
-4048
-4052
-4053
-4057
-4059
-4060
-4062
-4062
-4069
-4071
-4073
-4074
-4074
-4075
-4078
-4082
-4082
-4083
-4085
-4086
-4086
-4088
-4089
-4095
-4096
-4098
-4099
-4100
-4100
-4103
-4106
-4109
-4109
-4110
-4112
-4116
-4118
-4118
-4119
-4120
-4124
-4126
-4126
-4127
-4130
-4132
-4133
-4135
-4135
-4142
-4142
-4145
-4148
-4149
-4151
-4152
-4152
-4153
-4154
-4154
-4156
-4157
-4162
-4163
-4165
-4165
-4166
-4166
-4168
-4169
-4169
-4171
-4172
-4175
-4176
-4177
-4178
-4183
-4184
-4184
-4184
-4193
-4195
-4196
-4196
-4198
-4203
-4205
-4205
-4206
-4208
-4209
-4211
-4213
-4214
-4217
-4219
-4223
-4223
-4224
-4224
-4226
-4231
-4231
-4231
-4233
-4234
-4238
-4239
-4240
-4245
-4246
-4248
-4250
-4251
-4253
-4253
-4255
-4255
-4255
-4259
-4259
-4267
-4267
-4268
-4268
-4271
-4274
-4276
-4276
-4277
-4282
-4284
-4284
-4287
-4287
-4287
-4292
-4293
-4296
-4296
-4298
-4300
-4300
-4310
-4311
-4311
-4314
-4315
-4315
-4316
-4320
-4326
-4327
-4332
-4332
-4336
-4338
-4340
-4341
-4342
-4342
-4350
-4350
-4353
-4355
-4357
-4357
-4358
-4362
-4362
-4364
-4369
-4370
-4370
-4370
-4373
-4377
-4378
-4379
-4379
-4384
-4385
-4390
-4394
-4396
-4396
-4399
-4400
-4400
-4404
-4405
-4407
-4414
-4414
-4417
-4418
-4419
-4421
-4424
-4426
-4430
-4436
-4439
-4440
-4440
-4443
-4445
-4448
-4451
-4454
-4454
-4454
-4456
-4456
-4456
-4460
-4463
-4466
-4468
-4469
-4469
-4471
-4475
-4475
-4476
-4481
-4481
-4482
-4483
-4484
-4485
-4485
-4491
-4494
-4498
-4499
-4499
-4500
-4502
-4503
-4509
-4509
-4510
-4513
-4520
-4521
-4524
-4524
-4527
-4527
-4532
-4535
-4536
-4537
-4541
-4541
-4542
-4546
-4547
-4548
-4549
-4549
-4552
-4556
-4556
-4562
-4563
-4563
-4564
-4564
-4564
-4567
-4567
-4571
-4573
-4573
-4574
-4576
-4578
-4579
-4583
-4583
-4588
-4589
-4590
-4590
-4592
-4596
-4599
-4602
-4607
-4608
-4612
-4614
-4615
-4618
-4618
-4619
-4620
-4623
-4626
-4627
-4632
-4636
-4637
-4638
-4641
-4642
-4647
-4647
-4651
-4653
-4653
-4653
-4654
-4656
-4656
-4657
-4658
-4660
-4665
-4667
-4668
-4668
-4668
-4670
-4672
-4675
-4676
-4678
-4679
-4679
-4680
-4681
-4683
-4685
-4687
-4688
-4690
-4690
-4694
-4697
-4697
-4701
-4704
-4705
-4707
-4713
-4714
-4717
-4721
-4725
-4727
-4728
-4729
-4733
-4736
-4736
-4736
-4740
-4746
-4746
-4753
-4755
-4756
-4756
-4759
-4759
-4760
-4775
-4776
-4780
-4780
-4780
-4783
-4784
-4784
-4785
-4785
-4786
-4786
-4787
-4787
-4791
-4794
-4795
-4797
-4797
-4800
-4805
-4807
-4808
-4810
-4813
-4814
-4817
-4825
-4827
-4829
-4830
-4831
-4832
-4832
-4833
-4834
-4836
-4837
-4838
-4841
-4842
-4844
-4848
-4848
-4848
-4848
-4848
-4849
-4854
-4858
-4858
-4859
-4863
-4864
-4867
-4868
-4870
-4870
-4871
-4874
-4875
-4878
-4878
-4879
-4881
-4884
-4885
-4887
-4889
-4890
-4891
-4891
-4891
-4891
-4893
-4893
-4895
-4896
-4897
-4897
-4904
-4904
-4906
-4907
-4909
-4910
-4911
-4912
-4914
-4914
-4915
-4917
-4917
-4920
-4921
-4921
-4928
-4929
-4931
-4933
-4934
-4939
-4942
-4944
-4945
-4946
-4948
-4949
-4951
-4951
-4952
-4957
-4957
-4957
-4958
-4958
-4961
-4964
-4966
-4967
-4967
-4967
-4971
-4974
-4975
-4975
-4976
-4980
-4980
-4983
-4986
-4988
-4991
-4993
-4995
-4999
-5001
-5004
-5004
-5005
-5005
-5010
-5014
-5017
-5019
-5021
-5022
-5023
-5025
-5026
-5027
-5027
-5031
-5032
-5033
-5035
-5036
-5040
-5045
-5047
-5047
-5047
-5048
-5048
-5049
-5050
-5052
-5053
-5055
-5060
-5066
-5073
-5074
-5074
-5075
-5075
-5081
-5084
-5087
-5087
-5092
-5092
-5094
-5094
-5095
-5097
-5102
-5104
-5111
-5116
-5120
-5121
-5121
-5124
-5126
-5127
-5132
-5132
-5136
-5140
-5142
-5144
-5144
-5148
-5148
-5149
-5150
-5150
-5150
-5150
-5151
-5154
-5157
-5162
-5173
-5175
-5178
-5179
-5179
-5183
-5184
-5185
-5185
-5185
-5186
-5188
-5190
-5192
-5194
-5196
-5198
-5198
-5201
-5205
-5212
-5213
-5214
-5216
-5218
-5221
-5224
-5225
-5225
-5226
-5228
-5228
-5229
-5231
-5232
-5232
-5232
-5234
-5235
-5237
-5237
-5237
-5243
-5246
-5246
-5250
-5251
-5253
-5255
-5256
-5256
-5257
-5258
-5260
-5262
-5265
-5266
-5266
-5267
-5268
-5269
-5270
-5272
-5276
-5277
-5277
-5277
-5277
-5280
-5281
-5284
-5287
-5291
-5292
-5293
-5296
-5297
-5299
-5299
-5302
-5304
-5311
-5311
-5314
-5322
-5323
-5328
-5329
-5332
-5333
-5334
-5338
-5340
-5340
-5342
-5343
-5343
-5345
-5345
-5349
-5351
-5351
-5356
-5356
-5357
-5358
-5358
-5366
-5372
-5372
-5374
-5376
-5378
-5383
-5388
-5394
-5399
-5402
-5404
-5404
-5408
-5409
-5410
-5410
-5411
-5412
-5414
-5418
-5427
-5428
-5429
-5431
-5434
-5435
-5436
-5436
-5436
-5436
-5442
-5442
-5446
-5446
-5447
-5448
-5449
-5450
-5451
-5453
-5455
-5456
-5457
-5457
-5458
-5459
-5461
-5465
-5467
-5467
-5467
-5472
-5473
-5477
-5486
-5487
-5488
-5489
-5490
-5490
-5493
-5493
-5494
-5495
-5495
-5497
-5497
-5499
-5503
-5504
-5504
-5509
-5510
-5515
-5518
-5518
-5520
-5520
-5521
-5522
-5524
-5526
-5528
-5528
-5530
-5536
-5537
-5539
-5542
-5545
-5549
-5550
-5551
-5553
-5554
-5556
-5558
-5568
-5569
-5569
-5571
-5580
-5581
-5582
-5582
-5583
-5583
-5587
-5588
-5589
-5592
-5596
-5603
-5605
-5605
-5606
-5607
-5607
-5611
-5612
-5615
-5617
-5623
-5625
-5627
-5628
-5631
-5633
-5633
-5633
-5636
-5637
-5640
-5644
-5644
-5645
-5646
-5648
-5649
-5651
-5652
-5654
-5655
-5656
-5659
-5660
-5660
-5662
-5662
-5662
-5667
-5667
-5667
-5668
-5669
-5669
-5670
-5672
-5677
-5680
-5681
-5682
-5683
-5687
-5692
-5694
-5695
-5699
-5700
-5700
-5701
-5702
-5705
-5708
-5709
-5713
-5714
-5718
-5721
-5722
-5722
-5723
-5728
-5728
-5728
-5730
-5730
-5730
-5730
-5731
-5734
-5736
-5737
-5738
-5740
-5740
-5745
-5750
-5753
-5754
-5755
-5758
-5759
-5764
-5764
-5765
-5766
-5766
-5770
-5771
-5773
-5775
-5776
-5781
-5782
-5783
-5783
-5784
-5787
-5789
-5790
-5792
-5795
-5797
-5798
-5800
-5804
-5805
-5807
-5808
-5810
-5811
-5813
-5815
-5815
-5820
-5822
-5822
-5825
-5826
-5826
-5826
-5827
-5829
-5830
-5832
-5835
-5836
-5836
-5836
-5841
-5841
-5844
-5846
-5848
-5850
-5851
-5857
-5860
-5866
-5871
-5872
-5874
-5874
-5875
-5877
-5879
-5882
-5882
-5888
-5889
-5889
-5890
-5891
-5891
-5892
-5897
-5900
-5900
-5902
-5903
-5904
-5907
-5909
-5912
-5913
-5913
-5914
-5916
-5921
-5923
-5923
-5924
-5924
-5925
-5926
-5928
-5929
-5930
-5931
-5938
-5941
-5945
-5946
-5950
-5950
-5955
-5957
-5960
-5962
-5963
-5967
-5968
-5978
-5980
-5982
-5983
-5984
-5985
-5991
-5994
-6002
-6010
-6011
-6011
-6011
-6015
-6023
-6031
-6035
-6036
-6038
-6042
-6044
-6046
-6047
-6048
-6052
-6054
-6055
-6064
-6065
-6065
-6066
-6066
-6068
-6069
-6074
-6075
-6075
-6076
-6078
-6078
-6080
-6081
-6086
-6088
-6094
-6096
-6097
-6097
-6099
-6101
-6101
-6102
-6108
-6109
-6109
-6109
-6113
-6113
-6114
-6114
-6115
-6115
-6115
-6116
-6117
-6118
-6123
-6123
-6131
-6132
-6134
-6134
-6135
-6136
-6140
-6141
-6142
-6144
-6145
-6145
-6146
-6147
-6153
-6153
-6153
-6156
-6159
-6161
-6164
-6165
-6165
-6166
-6166
-6169
-6173
-6173
-6175
-6175
-6177
-6177
-6177
-6177
-6182
-6183
-6185
-6185
-6189
-6190
-6193
-6196
-6196
-6200
-6201
-6203
-6206
-6207
-6207
-6208
-6210
-6212
-6212
-6216
-6217
-6218
-6220
-6221
-6222
-6224
-6229
-6229
-6235
-6237
-6244
-6247
-6249
-6249
-6250
-6253
-6254
-6257
-6257
-6258
-6262
-6262
-6262
-6263
-6266
-6267
-6268
-6271
-6274
-6276
-6280
-6281
-6283
-6286
-6290
-6292
-6294
-6296
-6297
-6305
-6306
-6308
-6308
-6318
-6319
-6319
-6319
-6321
-6321
-6322
-6323
-6323
-6326
-6326
-6328
-6331
-6333
-6333
-6334
-6336
-6337
-6339
-6340
-6342
-6346
-6351
-6353
-6354
-6357
-6359
-6359
-6364
-6364
-6369
-6371
-6374
-6377
-6379
-6381
-6382
-6383
-6385
-6392
-6395
-6398
-6405
-6406
-6406
-6408
-6408
-6410
-6412
-6414
-6417
-6420
-6420
-6422
-6424
-6429
-6430
-6431
-6435
-6437
-6438
-6439
-6443
-6446
-6447
-6449
-6450
-6450
-6452
-6453
-6468
-6475
-6475
-6475
-6476
-6478
-6479
-6479
-6481
-6481
-6481
-6482
-6483
-6486
-6490
-6490
-6493
-6499
-6499
-6501
-6505
-6505
-6506
-6506
-6509
-6510
-6510
-6512
-6514
-6516
-6517
-6517
-6518
-6520
-6527
-6527
-6530
-6532
-6534
-6536
-6537
-6538
-6541
-6547
-6550
-6550
-6553
-6553
-6555
-6563
-6564
-6567
-6569
-6578
-6580
-6580
-6581
-6582
-6583
-6588
-6590
-6590
-6591
-6594
-6595
-6598
-6599
-6599
-6603
-6608
-6610
-6614
-6616
-6618
-6618
-6619
-6620
-6625
-6626
-6627
-6627
-6627
-6630
-6632
-6635
-6635
-6636
-6644
-6644
-6645
-6649
-6653
-6654
-6656
-6660
-6661
-6666
-6667
-6671
-6672
-6679
-6681
-6690
-6691
-6692
-6693
-6694
-6699
-6706
-6706
-6708
-6708
-6710
-6712
-6715
-6716
-6717
-6718
-6721
-6724
-6724
-6724
-6728
-6728
-6730
-6732
-6732
-6733
-6739
-6740
-6743
-6746
-6752
-6754
-6755
-6756
-6757
-6759
-6760
-6764
-6764
-6768
-6769
-6778
-6778
-6783
-6784
-6785
-6787
-6788
-6790
-6791
-6791
-6792
-6799
-6800
-6801
-6804
-6804
-6807
-6808
-6808
-6813
-6813
-6820
-6821
-6824
-6824
-6834
-6835
-6836
-6841
-6841
-6842
-6844
-6846
-6848
-6849
-6851
-6853
-6853
-6855
-6856
-6858
-6861
-6866
-6867
-6869
-6870
-6871
-6873
-6874
-6878
-6879
-6880
-6886
-6886
-6887
-6890
-6893
-6907
-6908
-6909
-6909
-6910
-6911
-6913
-6914
-6917
-6919
-6920
-6922
-6924
-6928
-6929
-6930
-6931
-6933
-6935
-6936
-6937
-6938
-6940
-6943
-6945
-6946
-6947
-6949
-6950
-6951
-6951
-6952
-6954
-6956
-6956
-6957
-6959
-6964
-6965
-6969
-6970
-6970
-6970
-6974
-6976
-6976
-6977
-6979
-6981
-6982
-6986
-6989
-6991
-6993
-6994
-6997
-6999
-6999
-7006
-7007
-7008
-7008
-7008
-7010
-7010
-7011
-7012
-7015
-7018
-7018
-7020
-7021
-7024
-7024
-7025
-7028
-7029
-7029
-7030
-7032
-7034
-7035
-7038
-7040
-7040
-7050
-7051
-7052
-7054
-7055
-7056
-7056
-7057
-7058
-7059
-7060
-7063
-7063
-7064
-7065
-7067
-7067
-7069
-7070
-7071
-7073
-7075
-7076
-7077
-7077
-7077
-7078
-7078
-7080
-7084
-7084
-7085
-7086
-7089
-7091
-7092
-7098
-7099
-7100
-7101
-7101
-7102
-7103
-7105
-7105
-7105
-7107
-7108
-7108
-7108
-7110
-7112
-7116
-7117
-7117
-7117
-7119
-7121
-7121
-7123
-7124
-7129
-7130
-7135
-7140
-7141
-7144
-7144
-7147
-7147
-7156
-7158
-7165
-7166
-7167
-7167
-7168
-7170
-7171
-7171
-7172
-7174
-7175
-7177
-7177
-7179
-7179
-7184
-7185
-7186
-7188
-7195
-7201
-7202
-7206
-7207
-7208
-7209
-7211
-7213
-7214
-7214
-7215
-7217
-7219
-7222
-7226
-7227
-7228
-7229
-7232
-7234
-7236
-7244
-7245
-7246
-7249
-7252
-7252
-7253
-7253
-7254
-7255
-7260
-7262
-7263
-7263
-7264
-7267
-7268
-7269
-7269
-7274
-7274
-7275
-7276
-7276
-7277
-7278
-7278
-7281
-7282
-7284
-7284
-7284
-7284
-7286
-7290
-7291
-7296
-7300
-7308
-7311
-7312
-7313
-7314
-7316
-7318
-7318
-7319
-7329
-7331
-7332
-7332
-7333
-7338
-7338
-7338
-7339
-7340
-7341
-7348
-7351
-7351
-7354
-7354
-7358
-7360
-7361
-7365
-7372
-7374
-7374
-7375
-7387
-7388
-7390
-7391
-7394
-7397
-7398
-7400
-7400
-7402
-7403
-7404
-7410
-7410
-7411
-7411
-7413
-7420
-7420
-7423
-7423
-7424
-7429
-7432
-7433
-7436
-7438
-7438
-7440
-7443
-7445
-7446
-7447
-7448
-7450
-7451
-7459
-7460
-7460
-7462
-7469
-7470
-7472
-7474
-7480
-7483
-7489
-7490
-7492
-7492
-7499
-7501
-7502
-7506
-7506
-7506
-7507
-7508
-7509
-7513
-7514
-7514
-7517
-7517
-7519
-7519
-7519
-7521
-7522
-7522
-7528
-7528
-7530
-7530
-7535
-7537
-7538
-7542
-7543
-7544
-7545
-7545
-7554
-7556
-7557
-7558
-7561
-7561
-7565
-7566
-7567
-7568
-7572
-7576
-7578
-7580
-7580
-7581
-7582
-7583
-7588
-7588
-7590
-7593
-7596
-7596
-7600
-7607
-7611
-7612
-7615
-7616
-7616
-7617
-7617
-7621
-7624
-7625
-7625
-7628
-7629
-7630
-7630
-7633
-7634
-7639
-7640
-7641
-7643
-7646
-7651
-7652
-7657
-7657
-7657
-7659
-7661
-7662
-7663
-7668
-7669
-7671
-7675
-7676
-7679
-7680
-7680
-7685
-7691
-7695
-7695
-7697
-7697
-7708
-7717
-7719
-7722
-7726
-7726
-7730
-7731
-7735
-7738
-7739
-7743
-7746
-7749
-7751
-7754
-7755
-7756
-7756
-7757
-7762
-7762
-7763
-7764
-7765
-7766
-7770
-7774
-7777
-7778
-7778
-7779
-7779
-7779
-7779
-7779
-7781
-7782
-7784
-7785
-7786
-7792
-7792
-7792
-7793
-7793
-7794
-7797
-7798
-7799
-7803
-7808
-7808
-7809
-7809
-7811
-7813
-7814
-7815
-7819
-7820
-7823
-7825
-7828
-7828
-7828
-7830
-7832
-7833
-7834
-7837
-7838
-7838
-7839
-7841
-7842
-7844
-7844
-7847
-7848
-7848
-7848
-7856
-7858
-7864
-7864
-7868
-7879
-7881
-7882
-7883
-7884
-7885
-7888
-7889
-7890
-7890
-7891
-7894
-7895
-7897
-7898
-7900
-7901
-7902
-7902
-7903
-7911
-7911
-7915
-7917
-7924
-7928
-7931
-7931
-7932
-7933
-7937
-7944
-7945
-7953
-7955
-7956
-7957
-7957
-7960
-7962
-7964
-7965
-7965
-7967
-7969
-7971
-7975
-7977
-7986
-7989
-7991
-7991
-7993
-7995
-7995
-7995
-7995
-7995
-7997
-8002
-8005
-8006
-8007
-8008
-8008
-8010
-8012
-8012
-8014
-8017
-8018
-8018
-8020
-8021
-8022
-8022
-8024
-8026
-8032
-8033
-8035
-8039
-8041
-8041
-8045
-8045
-8047
-8047
-8047
-8049
-8049
-8051
-8062
-8062
-8062
-8062
-8064
-8064
-8066
-8067
-8071
-8071
-8071
-8072
-8078
-8079
-8079
-8083
-8087
-8090
-8094
-8099
-8099
-8100
-8100
-8101
-8102
-8102
-8103
-8103
-8106
-8107
-8107
-8108
-8111
-8111
-8114
-8115
-8116
-8121
-8121
-8125
-8125
-8128
-8129
-8131
-8139
-8143
-8149
-8151
-8155
-8155
-8157
-8159
-8159
-8165
-8166
-8172
-8175
-8175
-8176
-8179
-8180
-8181
-8184
-8184
-8184
-8185
-8186
-8187
-8187
-8191
-8192
-8202
-8202
-8206
-8213
-8213
-8214
-8216
-8217
-8223
-8225
-8227
-8227
-8227
-8227
-8227
-8228
-8230
-8230
-8230
-8232
-8232
-8235
-8239
-8239
-8241
-8241
-8242
-8242
-8243
-8244
-8245
-8248
-8248
-8249
-8251
-8255
-8257
-8260
-8262
-8262
-8263
-8265
-8265
-8266
-8270
-8273
-8273
-8274
-8278
-8279
-8280
-8286
-8286
-8288
-8288
-8288
-8293
-8294
-8294
-8301
-8307
-8314
-8317
-8320
-8326
-8327
-8329
-8329
-8330
-8331
-8333
-8334
-8337
-8338
-8340
-8340
-8345
-8346
-8347
-8349
-8349
-8350
-8351
-8352
-8356
-8357
-8358
-8358
-8361
-8362
-8363
-8364
-8366
-8367
-8373
-8374
-8375
-8375
-8377
-8377
-8381
-8383
-8387
-8388
-8390
-8391
-8392
-8395
-8395
-8398
-8399
-8402
-8407
-8407
-8412
-8414
-8415
-8419
-8420
-8424
-8425
-8426
-8429
-8431
-8432
-8436
-8438
-8439
-8444
-8444
-8448
-8448
-8456
-8465
-8470
-8474
-8476
-8480
-8482
-8486
-8488
-8493
-8493
-8494
-8496
-8500
-8500
-8501
-8502
-8510
-8511
-8513
-8514
-8515
-8516
-8525
-8526
-8527
-8527
-8528
-8534
-8539
-8540
-8545
-8546
-8549
-8550
-8551
-8555
-8555
-8558
-8558
-8558
-8560
-8563
-8563
-8569
-8570
-8570
-8572
-8574
-8580
-8580
-8583
-8584
-8585
-8587
-8592
-8598
-8600
-8600
-8603
-8603
-8609
-8611
-8612
-8615
-8624
-8624
-8625
-8625
-8629
-8632
-8632
-8633
-8637
-8639
-8640
-8643
-8646
-8648
-8650
-8654
-8660
-8661
-8664
-8664
-8665
-8666
-8667
-8667
-8668
-8670
-8670
-8674
-8676
-8677
-8678
-8682
-8683
-8688
-8688
-8688
-8690
-8692
-8693
-8693
-8693
-8694
-8700
-8702
-8705
-8710
-8716
-8716
-8717
-8721
-8724
-8725
-8725
-8726
-8726
-8732
-8735
-8737
-8738
-8738
-8742
-8743
-8745
-8749
-8751
-8752
-8753
-8754
-8759
-8759
-8765
-8771
-8772
-8772
-8773
-8773
-8774
-8779
-8780
-8782
-8782
-8783
-8784
-8786
-8787
-8787
-8788
-8788
-8789
-8790
-8795
-8797
-8800
-8801
-8802
-8803
-8803
-8805
-8805
-8810
-8811
-8814
-8815
-8816
-8820
-8820
-8821
-8822
-8830
-8831
-8832
-8834
-8834
-8835
-8836
-8838
-8838
-8841
-8841
-8842
-8845
-8846
-8851
-8852
-8853
-8854
-8855
-8859
-8862
-8867
-8867
-8868
-8871
-8872
-8873
-8877
-8877
-8889
-8897
-8899
-8899
-8903
-8904
-8904
-8906
-8907
-8908
-8908
-8908
-8909
-8910
-8914
-8914
-8920
-8920
-8926
-8928
-8928
-8929
-8931
-8932
-8933
-8934
-8934
-8935
-8936
-8936
-8937
-8942
-8945
-8947
-8949
-8949
-8952
-8953
-8954
-8956
-8957
-8961
-8968
-8969
-8969
-8972
-8974
-8975
-8977
-8980
-8987
-8993
-8994
-8995
-8996
-8998
-8998
-9002
-9003
-9007
-9009
-9009
-9010
-9015
-9017
-9018
-9021
-9022
-9022
-9022
-9023
-9026
-9027
-9030
-9031
-9034
-9035
-9038
-9039
-9039
-9042
-9043
-9049
-9050
-9053
-9054
-9061
-9061
-9064
-9064
-9069
-9073
-9073
-9073
-9075
-9076
-9078
-9079
-9087
-9089
-9092
-9097
-9101
-9103
-9103
-9104
-9104
-9107
-9108
-9109
-9109
-9109
-9112
-9115
-9116
-9117
-9122
-9124
-9125
-9131
-9132
-9132
-9133
-9136
-9139
-9141
-9141
-9141
-9144
-9144
-9145
-9147
-9148
-9148
-9155
-9156
-9157
-9163
-9167
-9169
-9171
-9172
-9173
-9173
-9176
-9178
-9181
-9181
-9181
-9183
-9184
-9184
-9185
-9187
-9188
-9190
-9192
-9193
-9195
-9207
-9208
-9209
-9212
-9214
-9215
-9216
-9217
-9217
-9218
-9222
-9224
-9231
-9232
-9233
-9234
-9236
-9238
-9239
-9242
-9247
-9248
-9250
-9250
-9251
-9251
-9251
-9254
-9255
-9257
-9257
-9258
-9260
-9261
-9268
-9271
-9271
-9271
-9274
-9279
-9280
-9283
-9287
-9290
-9291
-9293
-9296
-9296
-9300
-9300
-9301
-9306
-9306
-9310
-9311
-9312
-9313
-9315
-9317
-9318
-9321
-9321
-9321
-9322
-9324
-9327
-9327
-9328
-9333
-9335
-9335
-9336
-9339
-9339
-9340
-9345
-9348
-9350
-9351
-9355
-9355
-9357
-9358
-9359
-9361
-9363
-9365
-9367
-9368
-9368
-9369
-9371
-9374
-9374
-9375
-9375
-9378
-9385
-9385
-9387
-9389
-9393
-9397
-9397
-9401
-9402
-9404
-9405
-9409
-9412
-9416
-9421
-9422
-9430
-9432
-9434
-9436
-9436
-9437
-9438
-9439
-9439
-9439
-9445
-9445
-9447
-9447
-9448
-9450
-9454
-9454
-9455
-9455
-9455
-9459
-9462
-9465
-9465
-9467
-9467
-9473
-9479
-9481
-9481
-9481
-9483
-9485
-9491
-9495
-9497
-9497
-9497
-9498
-9500
-9504
-9509
-9510
-9512
-9513
-9517
-9520
-9520
-9522
-9524
-9524
-9525
-9526
-9528
-9528
-9530
-9530
-9531
-9533
-9533
-9534
-9534
-9535
-9537
-9539
-9539
-9541
-9543
-9545
-9548
-9549
-9550
-9551
-9553
-9554
-9555
-9555
-9557
-9560
-9562
-9564
-9564
-9565
-9565
-9567
-9569
-9570
-9572
-9574
-9574
-9575
-9579
-9580
-9581
-9581
-9582
-9583
-9584
-9584
-9585
-9588
-9590
-9590
-9592
-9593
-9593
-9601
-9602
-9606
-9607
-9607
-9612
-9616
-9618
-9619
-9620
-9623
-9624
-9625
-9627
-9632
-9633
-9636
-9639
-9639
-9641
-9643
-9645
-9646
-9647
-9647
-9648
-9650
-9653
-9655
-9655
-9656
-9659
-9662
-9662
-9663
-9665
-9665
-9666
-9666
-9667
-9670
-9671
-9671
-9672
-9678
-9682
-9684
-9688
-9691
-9693
-9695
-9695
-9697
-9702
-9705
-9706
-9709
-9712
-9712
-9712
-9714
-9714
-9720
-9727
-9732
-9732
-9733
-9733
-9739
-9740
-9743
-9744
-9749
-9753
-9753
-9754
-9757
-9758
-9759
-9759
-9761
-9763
-9766
-9772
-9773
-9773
-9774
-9776
-9778
-9779
-9781
-9782
-9783
-9784
-9786
-9787
-9789
-9791
-9794
-9795
-9796
-9798
-9801
-9802
-9802
-9803
-9803
-9804
-9806
-9806
-9811
-9813
-9816
-9820
-9821
-9821
-9821
-9822
-9822
-9824
-9827
-9828
-9828
-9830
-9832
-9836
-9837
-9838
-9840
-9842
-9846
-9851
-9852
-9855
-9861
-9863
-9864
-9864
-9865
-9866
-9867
-9871
-9873
-9876
-9878
-9878
-9880
-9884
-9888
-9891
-9897
-9898
-9903
-9905
-9909
-9910
-9910
-9910
-9911
-9914
-9914
-9916
-9928
-9928
-9931
-9933
-9934
-9934
-9935
-9938
-9938
-9940
-9940
-9940
-9943
-9946
-9948
-9949
-9952
-9953
-9953
-9956
-9960
-9960
-9961
-9964
-9964
-9965
-9965
-9970
-9972
-9974
-9976
-9982
-9985
-9987
-9987
-9988
-9992
-9992
-9995
-9998
