1000
78
134
31
50
29
172
31
179
29
126
61
62
100
156
9
96
86
26
108
190
172
49
38
162
89
148
3
79
153
78
178
31
165
10
34
146
182
65
126
163
143
139
25
44
47
186
140
133
12
0
124
137
1
162
99
91
62
54
122
16
133
101
199
50
63
33
196
197
50
74
160
194
13
137
190
60
76
82
194
40
34
70
177
35
32
28
126
94
83
1
62
168
102
62
170
165
95
166
114
98
193
74
44
6
163
34
19
191
68
165
32
102
35
161
137
67
190
64
113
25
65
176
193
119
38
163
36
85
81
150
135
74
176
179
33
91
165
4
83
33
169
115
135
4
76
25
23
18
41
88
43
58
64
36
177
54
151
165
92
185
67
27
59
43
159
44
86
124
48
169
110
169
84
197
173
113
22
148
83
15
37
127
73
53
115
2
60
67
119
104
4
186
83
63
181
42
60
68
119
60
37
181
30
74
130
155
139
153
104
22
120
93
149
194
98
17
148
110
36
68
166
40
54
50
55
36
44
115
56
115
176
45
96
158
119
27
113
10
132
169
185
52
62
86
198
113
103
147
175
139
15
142
179
21
192
35
57
36
102
65
104
30
111
0
188
182
179
102
193
111
71
130
116
86
16
66
151
120
13
126
11
180
20
191
2
12
178
11
1
32
77
105
63
140
57
3
122
37
57
67
100
81
197
168
119
14
35
70
86
48
148
97
29
169
40
183
133
170
194
86
155
71
143
170
11
153
173
86
190
183
153
42
64
103
11
183
69
46
5
107
46
105
4
27
26
197
10
112
119
157
150
74
180
94
44
144
47
170
30
189
153
135
183
17
38
194
152
59
192
109
166
191
166
123
18
193
120
181
57
39
138
7
66
118
53
110
62
52
80
44
193
33
180
177
2
170
123
106
30
68
15
196
59
182
119
29
127
191
162
136
183
52
143
49
171
149
111
185
1
192
30
195
177
162
124
180
132
199
86
114
67
54
111
78
188
182
60
67
174
22
3
109
75
146
158
198
47
69
135
49
13
117
196
143
79
72
123
164
71
161
78
91
167
141
169
155
76
181
174
2
4
177
111
31
76
21
181
123
42
116
124
56
34
120
199
65
192
74
181
16
187
60
107
107
153
28
14
29
10
189
31
166
166
94
197
194
115
178
118
158
46
42
166
32
115
117
98
59
143
79
75
130
91
182
189
45
163
4
26
173
193
10
139
111
104
88
106
172
66
176
130
64
170
96
97
85
165
195
145
108
26
172
190
70
107
180
67
70
184
93
43
129
55
134
192
160
22
50
132
40
26
14
104
197
62
153
34
27
100
131
135
127
104
125
197
163
57
16
33
41
109
28
122
117
114
67
29
136
117
161
128
96
127
32
45
189
138
79
168
38
163
55
165
67
132
114
182
190
130
15
183
192
195
106
109
61
173
138
197
42
51
77
138
130
109
183
71
47
63
39
38
26
46
3
45
178
70
27
168
152
194
152
96
141
10
157
2
183
47
151
177
50
28
116
180
89
99
3
89
114
194
127
92
40
82
137
19
104
116
139
9
62
43
105
155
53
15
109
188
62
60
166
65
40
82
197
130
133
1
171
48
195
98
140
188
132
30
159
37
98
98
198
161
142
103
68
147
70
178
136
85
38
54
150
79
136
147
161
69
100
132
69
48
182
10
188
66
40
147
103
138
197
53
51
91
157
72
39
179
50
127
64
40
181
14
71
117
114
32
138
166
116
8
166
50
170
154
117
10
101
172
100
99
26
104
142
135
176
181
114
178
108
179
18
89
145
90
158
11
74
49
130
143
57
96
193
179
51
62
141
104
35
41
155
61
97
98
148
25
79
62
155
140
193
174
181
91
16
140
54
42
189
184
137
198
81
83
177
84
145
118
188
132
111
144
145
161
194
93
138
25
156
94
165
101
68
147
192
36
39
47
30
180
183
168
178
64
51
107
100
196
177
89
129
40
185
26
153
131
120
92
156
28
186
122
129
6
21
74
194
60
73
24
40
56
192
170
73
195
29
173
192
158
14
73
198
151
99
104
82
171
196
39
199
134
113
81
92
134
155
86
194
180
62
186
36
7
156
61
2
185
35
146
143
1
171
93
153
71
197
35
194
145
26
194
79
139
75
123
73
182
161
19
162
24
5
198
31
161
12
33
98
47
132
193
0
103
87
153
126
36
141
121
182
167
115
13
107
142
89
180
124
50
152
86
26
157
36
9
71
48
43
121
47
127
115
48
30
154
153
157
190
94
78
124
62
193
90
169
87
