500
78
34
31
50
29
72
31
79
29
26
61
62
0
56
9
96
86
26
8
90
72
49
38
62
89
48
3
79
53
78
78
31
65
10
34
46
82
65
26
63
43
39
25
44
47
86
40
33
12
0
24
37
1
62
99
91
62
54
22
16
33
1
99
50
63
33
96
97
50
74
60
94
13
37
90
60
76
82
94
40
34
70
77
35
32
28
26
94
83
1
62
68
2
62
70
65
95
66
14
98
93
74
44
6
63
34
19
91
68
65
32
2
35
61
37
67
90
64
13
25
65
76
93
19
38
63
36
85
81
50
35
74
76
79
33
91
65
4
83
33
69
15
35
4
76
25
23
18
41
88
43
58
64
36
77
54
51
65
92
85
67
27
59
43
59
44
86
24
48
69
10
69
84
97
73
13
22
48
83
15
37
27
73
53
15
2
60
67
19
4
4
86
83
63
81
42
60
68
19
60
37
81
30
74
30
55
39
53
4
22
20
93
49
94
98
17
48
10
36
68
66
40
54
50
55
36
44
15
56
15
76
45
96
58
19
27
13
10
32
69
85
52
62
86
98
13
3
47
75
39
15
42
79
21
92
35
57
36
2
65
4
30
11
0
88
82
79
2
93
11
71
30
16
86
16
66
51
20
13
26
11
80
20
91
2
12
78
11
1
32
77
5
63
40
57
3
22
37
57
67
0
81
97
68
19
14
35
70
86
48
48
97
29
69
40
83
33
70
94
86
55
71
43
70
11
53
73
86
90
83
53
42
64
3
11
83
69
46
5
7
46
5
4
27
26
97
10
12
19
57
50
74
80
94
44
44
47
70
30
89
53
35
83
17
38
94
52
59
92
9
66
91
66
23
18
93
20
81
57
39
38
7
66
18
53
10
62
52
80
44
93
33
80
77
2
70
23
6
30
68
15
96
59
82
19
29
27
91
62
36
83
52
43
49
71
49
11
85
1
92
30
95
77
62
24
80
32
99
86
14
67
54
11
78
88
82
60
67
74
22
3
9
75
46
58
98
47
69
35
49
13
17
96
43
79
72
23
64
71
61
78
91
67
41
69
55
76
81
74
2
4
77
11
31
76
21
81
23
42
16
24
56
34
20
99
65
92
74
81
16
87
60
7
7
53
28
14
29
10
89
