1000
782
-329
-937
71
444
-901
-809
915
308
313
-644
368
418
-342
237
-88
53
-104
-701
-918
-69
425
-446
430
851
941
908
695
-521
-260
756
818
411
820
-112
-588
919
80
884
-217
950
-761
-850
367
-546
-55
836
507
841
-866
147
-672
560
701
758
-33
198
222
-339
677
520
974
494
-513
793
-618
-544
268
19
-661
-950
-32
-864
759
-666
-410
-297
-830
-903
-900
862
244
-572
421
-499
744
-613
699
-478
-395
376
-959
-421
-574
-471
929
-635
-15
-246
384
-118
-639
-649
18
-881
-757
608
-621
971
262
-964
832
-938
-978
253
-437
323
197
-738
845
360
195
887
939
178
-585
424
544
-43
-823
-73
839
-461
-164
-587
-785
79
-979
-848
49
-160
746
-120
-97
768
690
466
-353
-556
285
-508
804
-964
-622
299
215
-650
-278
-242
307
-100
685
-297
-4
-480
116
-232
156
137
-80
-796
535
-777
-358
-563
548
-669
460
-805
-225
-255
-313
-865
-219
65
434
996
-28
-844
-690
-722
-387
996
-19
166
-928
-903
934
-214
-209
-589
-10
-675
-366
189
-681
-819
521
780
-624
853
-476
-380
546
-138
242
-21
-585
-787
-308
-275
-508
-138
-723
30
-973
-650
-316
962
136
476
930
683
358
-437
-128
678
-699
950
14
-322
359
95
-145
-96
957
-903
884
-629
-690
-868
-346
-641
-5
-69
390
-421
281
-927
-903
974
106
-974
214
-979
-411
643
256
-109
592
-731
126
-50
364
981
855
-123
635
295
249
946
-16
903
-696
979
-610
251
-885
672
-118
-788
202
545
-761
973
566
-615
615
-622
-167
-237
-353
959
271
568
497
-318
-555
131
977
251
-367
-483
-290
-505
-947
100
746
-832
-672
-816
-620
88
730
-824
60
-148
-438
-768
231
-48
-5
435
-89
823
3
965
-496
5
-348
-963
813
286
-445
-478
781
-392
179
526
-224
508
268
-287
-405
-3
-110
212
849
9
1
-364
961
554
629
-572
376
-812
950
881
193
-398
918
5
888
-528
84
225
80
-738
-693
413
770
575
-874
922
-429
-427
-309
978
139
692
-830
99
245
799
85
-822
987
34
-942
-264
636
976
741
80
-995
-176
-696
-358
-356
-388
-945
-587
-814
739
893
-685
-689
-860
850
450
832
-981
-895
-366
819
190
-188
362
782
-573
-902
-26
960
396
-946
965
778
916
-836
-579
-473
-781
-609
-729
958
-717
-857
826
981
993
275
370
-989
-63
561
387
-873
-628
-251
466
-644
-596
-561
-685
800
-507
838
134
-591
-999
555
-507
778
947
-679
292
787
-536
117
325
-544
949
-306
-532
-115
-746
412
-431
-817
718
-966
-461
-879
-526
-589
479
-476
-752
-388
-510
807
725
-16
584
228
-138
-568
-429
327
549
896
783
54
-411
808
940
-157
-223
-935
-417
-506
-900
122
-384
-426
91
652
-345
339
821
146
-297
545
687
844
-228
-452
-724
-99
875
382
-204
215
-564
-57
-421
933
343
356
998
927
851
655
-395
-534
786
696
675
-559
-408
495
587
295
40
273
-305
369
821
-29
-731
253
911
-377
-533
904
566
46
836
-535
-598
390
-609
-748
45
-446
-725
-170
-751
950
-172
-159
444
-586
693
-960
244
-612
-33
-378
-84
236
875
-617
416
-659
-714
-462
-56
679
4
346
69
-48
155
671
506
-13
-943
313
-64
-114
711
938
-143
404
535
-899
349
-499
-277
822
295
-403
-795
-290
-505
-952
-194
439
728
810
-658
-204
-239
497
-977
825
-516
-920
137
-23
-34
-153
-529
824
808
564
482
156
622
-796
-465
-84
-199
-260
184
-147
-212
990
-709
-485
356
-367
-132
-884
688
-552
498
729
-471
-366
-738
52
482
-709
-125
289
855
-644
-998
476
-883
-463
950
-525
-166
133
328
622
-321
620
695
-966
810
-881
708
54
-432
206
-661
-346
840
-398
706
-122
-550
-862
725
-696
-506
727
337
-388
-737
-157
-356
97
533
973
-725
-789
149
527
803
-42
647
511
570
772
-727
909
-575
-888
-490
-870
-452
-483
-732
-728
-179
-680
999
716
-511
819
-885
133
-85
649
105
-253
417
-747
-726
220
-231
921
-713
-662
249
-440
804
674
-328
872
804
220
-612
630
49
-233
950
47
-518
-562
-135
-846
128
337
803
-767
-916
220
-957
-642
997
-631
836
-717
-736
84
-157
-932
-686
72
940
-883
850
-673
304
-102
94
253
946
133
248
-633
288
934
705
90
724
346
867
767
704
863
-864
96
703
-600
737
-455
-532
-950
175
965
725
24
-708
29
922
386
839
424
-924
-356
792
364
-423
53
-990
-700
-602
878
624
659
297
317
-246
0
718
-953
102
743
-903
-724
265
379
300
557
-593
-221
-501
804
-798
-425
-996
551
496
-419
-840
507
-562
-442
-59
-939
774
-763
379
-916
-206
-347
-869
897
953
786
730
217
165
30
-670
129
366
-170
-511
125
-38
-507
-767
-542
74
-607
965
512
-491
-538
131
-718
-301
-491
-633
51
-281
-502
-496
-329
-716
-767
446
6
-180
776
-866
743
-838
-376
-132
125
117
101
583
749
51
104
-183
560
566
948
843
822
-987
-791
-571
-268
-293
-67
-39
-452
-276
-594
554
101
739
689
-156
902
870
712
-417
-457
-631
723
-709
420
-174
109
-20
949
56
-178
770
-373
-412
757
359
295
-311
877
401
-30
840
-46
-929
579
-801
-85
480
626
