156619
80357
-10000
-9999
-9995
-9995
-9992
-9992
-9991
-9991
-9990
-9990
-9990
-9987
-9985
-9985
-9982
-9974
-9972
-9971
-9967
-9967
-9967
-9965
-9960
-9958
-9956
-9955
-9953
-9953
-9952
-9950
-9949
-9949
-9947
-9943
-9941
-9940
-9934
-9932
-9932
-9931
-9931
-9930
-9928
-9927
-9926
-9925
-9923
-9922
-9921
-9918
-9915
-9913
-9913
-9909
-9904
-9903
-9893
-9890
-9890
-9889
-9886
-9886
-9883
-9883
-9881
-9875
-9874
-9873
-9872
-9871
-9870
-9869
-9869
-9863
-9862
-9862
-9861
-9861
-9858
-9857
-9855
-9854
-9854
-9853
-9852
-9848
-9846
-9845
-9844
-9840
-9837
-9832
-9823
-9823
-9818
-9816
-9814
-9813
-9806
-9805
-9801
-9798
-9795
-9795
-9795
-9793
-9786
-9785
-9779
-9777
-9773
-9771
-9768
-9766
-9766
-9766
-9763
-9757
-9756
-9750
-9749
-9747
-9746
-9744
-9744
-9743
-9743
-9733
-9731
-9731
-9729
-9729
-9728
-9727
-9712
-9710
-9709
-9707
-9706
-9706
-9703
-9701
-9697
-9694
-9692
-9692
-9690
-9690
-9687
-9684
-9684
-9679
-9677
-9675
-9674
-9674
-9673
-9671
-9665
-9664
-9663
-9662
-9659
-9652
-9651
-9650
-9649
-9647
-9642
-9641
-9639
-9636
-9633
-9631
-9630
-9629
-9626
-9626
-9624
-9622
-9621
-9621
-9621
-9620
-9618
-9617
-9615
-9615
-9614
-9613
-9613
-9611
-9611
-9606
-9603
-9602
-9602
-9598
-9597
-9592
-9592
-9591
-9590
-9590
-9589
-9588
-9583
-9582
-9578
-9577
-9574
-9571
-9567
-9563
-9561
-9560
-9559
-9556
-9551
-9545
-9542
-9541
-9540
-9540
-9534
-9533
-9531
-9528
-9524
-9522
-9521
-9521
-9519
-9518
-9514
-9513
-9510
-9509
-9506
-9502
-9499
-9498
-9497
-9497
-9496
-9495
-9495
-9490
-9488
-9487
-9486
-9482
-9480
-9478
-9474
-9472
-9468
-9467
-9465
-9465
-9463
-9461
-9460
-9458
-9458
-9456
-9453
-9450
-9450
-9449
-9448
-9445
-9444
-9440
-9440
-9440
-9433
-9427
-9425
-9424
-9422
-9419
-9419
-9418
-9418
-9415
-9411
-9411
-9408
-9404
-9401
-9398
-9396
-9393
-9392
-9389
-9388
-9387
-9386
-9385
-9382
-9378
-9371
-9368
-9363
-9363
-9363
-9361
-9360
-9359
-9357
-9357
-9355
-9352
-9352
-9344
-9343
-9339
-9339
-9338
-9335
-9334
-9334
-9333
-9332
-9332
-9331
-9330
-9329
-9327
-9323
-9320
-9316
-9313
-9312
-9310
-9310
-9310
-9306
-9299
-9296
-9295
-9294
-9294
-9294
-9293
-9292
-9286
-9286
-9284
-9280
-9277
-9274
-9273
-9271
-9271
-9270
-9269
-9268
-9265
-9263
-9262
-9262
-9262
-9246
-9246
-9245
-9245
-9244
-9243
-9243
-9241
-9241
-9240
-9239
-9233
-9232
-9232
-9230
-9229
-9228
-9228
-9227
-9225
-9225
-9225
-9221
-9220
-9220
-9217
-9215
-9212
-9208
-9203
-9201
-9199
-9196
-9195
-9191
-9189
-9188
-9186
-9186
-9184
-9183
-9183
-9179
-9177
-9176
-9176
-9172
-9165
-9163
-9163
-9162
-9162
-9158
-9157
-9157
-9151
-9150
-9145
-9144
-9142
-9139
-9136
-9135
-9134
-9134
-9133
-9132
-9128
-9128
-9126
-9126
-9123
-9117
-9116
-9113
-9112
-9112
-9110
-9109
-9106
-9104
-9103
-9100
-9100
-9096
-9095
-9091
-9090
-9089
-9089
-9084
-9079
-9074
-9074
-9069
-9067
-9066
-9066
-9065
-9064
-9059
-9055
-9052
-9048
-9042
-9042
-9041
-9040
-9039
-9035
-9034
-9023
-9022
-9022
-9022
-9020
-9018
-9016
-9016
-9015
-9010
-9010
-9007
-9005
-9005
-9001
-9000
-8999
-8997
-8996
-8995
-8994
-8993
-8992
-8987
-8983
-8980
-8975
-8975
-8975
-8972
-8972
-8971
-8970
-8969
-8968
-8964
-8963
-8962
-8962
-8962
-8961
-8961
-8961
-8960
-8959
-8958
-8952
-8946
-8943
-8942
-8941
-8939
-8939
-8934
-8934
-8934
-8931
-8930
-8929
-8929
-8929
-8926
-8925
-8925
-8924
-8924
-8924
-8923
-8921
-8921
-8920
-8920
-8918
-8916
-8915
-8915
-8914
-8913
-8913
-8912
-8911
-8911
-8910
-8909
-8909
-8908
-8907
-8907
-8905
-8903
-8903
-8901
-8899
-8899
-8894
-8894
-8892
-8891
-8890
-8889
-8886
-8879
-8878
-8877
-8875
-8868
-8864
-8863
-8859
-8855
-8854
-8850
-8850
-8845
-8839
-8839
-8830
-8830
-8828
-8826
-8823
-8822
-8822
-8822
-8821
-8821
-8821
-8815
-8812
-8807
-8800
-8798
-8796
-8794
-8783
-8779
-8779
-8778
-8777
-8776
-8776
-8776
-8775
-8774
-8774
-8774
-8771
-8771
-8770
-8767
-8766
-8766
-8765
-8764
-8759
-8758
-8756
-8754
-8748
-8748
-8748
-8747
-8743
-8742
-8740
-8739
-8735
-8734
-8734
-8733
-8731
-8729
-8728
-8723
-8721
-8719
-8718
-8717
-8717
-8717
-8715
-8711
-8710
-8710
-8704
-8704
-8699
-8698
-8697
-8696
-8694
-8691
-8690
-8687
-8684
-8683
-8683
-8682
-8681
-8677
-8673
-8673
-8669
-8666
-8666
-8664
-8661
-8660
-8660
-8657
-8657
-8657
-8655
-8653
-8651
-8646
-8645
-8642
-8642
-8640
-8637
-8637
-8636
-8633
-8633
-8632
-8631
-8630
-8627
-8620
-8620
-8618
-8617
-8615
-8612
-8610
-8609
-8609
-8606
-8606
-8605
-8605
-8602
-8599
-8599
-8597
-8597
-8585
-8585
-8584
-8575
-8574
-8570
-8570
-8568
-8564
-8561
-8560
-8556
-8551
-8550
-8548
-8542
-8542
-8540
-8539
-8539
-8538
-8537
-8536
-8536
-8535
-8533
-8533
-8533
-8533
-8532
-8531
-8525
-8523
-8523
-8522
-8520
-8512
-8511
-8509
-8507
-8504
-8504
-8502
-8500
-8500
-8498
-8497
-8497
-8497
-8495
-8493
-8491
-8488
-8483
-8482
-8478
-8477
-8477
-8477
-8476
-8473
-8472
-8470
-8468
-8466
-8463
-8463
-8459
-8457
-8457
-8456
-8451
-8447
-8447
-8446
-8444
-8443
-8442
-8442
-8436
-8436
-8435
-8435
-8435
-8433
-8428
-8427
-8425
-8424
-8423
-8423
-8419
-8419
-8416
-8414
-8411
-8409
-8408
-8407
-8407
-8406
-8404
-8402
-8401
-8398
-8398
-8397
-8393
-8392
-8391
-8391
-8391
-8389
-8388
-8386
-8385
-8385
-8383
-8382
-8370
-8365
-8364
-8363
-8361
-8360
-8359
-8358
-8358
-8357
-8355
-8354
-8354
-8352
-8345
-8344
-8343
-8340
-8335
-8334
-8332
-8330
-8328
-8327
-8326
-8322
-8321
-8320
-8316
-8316
-8311
-8310
-8308
-8308
-8300
-8300
-8299
-8299
-8294
-8293
-8292
-8290
-8290
-8285
-8284
-8280
-8276
-8276
-8274
-8273
-8272
-8272
-8270
-8269
-8268
-8264
-8263
-8262
-8262
-8259
-8259
-8255
-8254
-8253
-8252
-8251
-8243
-8241
-8238
-8236
-8232
-8228
-8222
-8221
-8219
-8217
-8217
-8216
-8209
-8206
-8206
-8201
-8201
-8200
-8200
-8200
-8195
-8195
-8192
-8185
-8181
-8180
-8177
-8175
-8174
-8171
-8171
-8169
-8168
-8168
-8165
-8162
-8161
-8161
-8157
-8155
-8153
-8147
-8146
-8144
-8143
-8139
-8139
-8136
-8134
-8134
-8132
-8132
-8130
-8130
-8127
-8120
-8116
-8115
-8110
-8108
-8104
-8103
-8102
-8099
-8097
-8096
-8095
-8092
-8092
-8089
-8089
-8086
-8086
-8084
-8083
-8079
-8077
-8074
-8070
-8070
-8070
-8069
-8064
-8063
-8056
-8055
-8053
-8050
-8050
-8049
-8046
-8044
-8042
-8041
-8041
-8040
-8040
-8037
-8034
-8031
-8030
-8028
-8018
-8013
-8012
-8012
-8008
-7999
-7993
-7993
-7992
-7985
-7985
-7979
-7976
-7973
-7970
-7970
-7968
-7967
-7962
-7959
-7957
-7956
-7950
-7947
-7947
-7944
-7939
-7939
-7937
-7935
-7933
-7932
-7931
-7928
-7921
-7912
-7911
-7909
-7908
-7907
-7907
-7906
-7898
-7898
-7898
-7893
-7890
-7887
-7887
-7885
-7884
-7879
-7879
-7878
-7877
-7875
-7875
-7874
-7874
-7872
-7872
-7868
-7868
-7867
-7867
-7866
-7862
-7862
-7862
-7862
-7858
-7854
-7850
-7849
-7848
-7846
-7845
-7844
-7842
-7839
-7838
-7838
-7837
-7836
-7834
-7834
-7832
-7828
-7827
-7825
-7825
-7824
-7824
-7822
-7821
-7821
-7819
-7816
-7814
-7814
-7813
-7812
-7808
-7808
-7804
-7799
-7797
-7794
-7794
-7791
-7791
-7788
-7785
-7783
-7783
-7776
-7775
-7771
-7769
-7767
-7764
-7763
-7760
-7757
-7752
-7750
-7749
-7749
-7747
-7744
-7742
-7741
-7737
-7734
-7729
-7729
-7729
-7728
-7725
-7724
-7724
-7724
-7723
-7721
-7719
-7717
-7716
-7715
-7713
-7712
-7709
-7709
-7706
-7705
-7703
-7703
-7701
-7700
-7699
-7699
-7699
-7695
-7695
-7691
-7688
-7687
-7686
-7685
-7679
-7677
-7674
-7673
-7671
-7670
-7670
-7669
-7665
-7664
-7663
-7660
-7659
-7658
-7657
-7654
-7651
-7645
-7642
-7640
-7638
-7634
-7626
-7623
-7616
-7612
-7610
-7606
-7601
-7599
-7599
-7596
-7593
-7593
-7586
-7585
-7585
-7583
-7582
-7579
-7578
-7577
-7574
-7571
-7567
-7564
-7558
-7552
-7550
-7550
-7547
-7547
-7544
-7544
-7542
-7540
-7539
-7537
-7536
-7534
-7532
-7529
-7529
-7528
-7527
-7525
-7524
-7520
-7518
-7517
-7517
-7517
-7516
-7511
-7511
-7504
-7503
-7502
-7501
-7501
-7500
-7499
-7498
-7498
-7491
-7489
-7484
-7479
-7479
-7477
-7476
-7476
-7474
-7470
-7463
-7462
-7461
-7460
-7460
-7459
-7457
-7456
-7456
-7455
-7447
-7447
-7447
-7441
-7439
-7437
-7435
-7434
-7429
-7427
-7425
-7425
-7423
-7419
-7418
-7416
-7416
-7414
-7410
-7407
-7407
-7405
-7405
-7404
-7403
-7403
-7401
-7399
-7397
-7393
-7393
-7393
-7392
-7386
-7383
-7381
-7381
-7381
-7380
-7380
-7377
-7377
-7376
-7372
-7369
-7368
-7367
-7365
-7362
-7361
-7361
-7360
-7354
-7353
-7342
-7342
-7341
-7336
-7335
-7331
-7327
-7326
-7323
-7322
-7322
-7317
-7315
-7313
-7311
-7310
-7301
-7298
-7291
-7289
-7286
-7284
-7280
-7279
-7270
-7267
-7262
-7262
-7261
-7260
-7259
-7256
-7252
-7252
-7250
-7247
-7245
-7242
-7241
-7238
-7237
-7234
-7233
-7223
-7218
-7217
-7214
-7213
-7212
-7211
-7211
-7209
-7207
-7207
-7205
-7203
-7199
-7197
-7194
-7194
-7190
-7190
-7183
-7181
-7179
-7179
-7178
-7173
-7170
-7169
-7167
-7166
-7164
-7163
-7159
-7158
-7158
-7155
-7152
-7149
-7147
-7145
-7139
-7135
-7134
-7133
-7126
-7122
-7118
-7118
-7117
-7116
-7114
-7111
-7110
-7109
-7104
-7102
-7098
-7096
-7096
-7096
-7093
-7092
-7088
-7088
-7086
-7081
-7080
-7080
-7075
-7075
-7073
-7073
-7064
-7060
-7059
-7057
-7052
-7049
-7047
-7045
-7041
-7038
-7037
-7037
-7034
-7033
-7026
-7024
-7023
-7020
-7018
-7018
-7015
-7015
-7014
-7014
-7014
-7013
-7000
-6995
-6995
-6995
-6994
-6994
-6990
-6990
-6989
-6987
-6986
-6986
-6984
-6984
-6983
-6979
-6977
-6975
-6975
-6967
-6963
-6959
-6956
-6953
-6951
-6945
-6941
-6941
-6938
-6938
-6933
-6933
-6929
-6928
-6926
-6923
-6922
-6921
-6918
-6917
-6917
-6917
-6916
-6915
-6915
-6912
-6912
-6906
-6903
-6899
-6898
-6896
-6895
-6891
-6887
-6884
-6883
-6880
-6877
-6873
-6867
-6866
-6865
-6864
-6862
-6861
-6859
-6858
-6857
-6857
-6856
-6848
-6848
-6846
-6845
-6844
-6837
-6835
-6826
-6826
-6826
-6820
-6819
-6816
-6813
-6811
-6809
-6802
-6800
-6797
-6796
-6796
-6794
-6794
-6792
-6789
-6788
-6787
-6787
-6785
-6783
-6779
-6776
-6772
-6769
-6769
-6765
-6764
-6762
-6762
-6762
-6760
-6759
-6759
-6758
-6757
-6757
-6756
-6755
-6753
-6750
-6750
-6749
-6748
-6745
-6744
-6743
-6742
-6741
-6740
-6739
-6737
-6735
-6734
-6732
-6730
-6729
-6726
-6724
-6723
-6721
-6721
-6720
-6719
-6718
-6713
-6712
-6710
-6710
-6710
-6706
-6706
-6705
-6704
-6702
-6701
-6701
-6701
-6693
-6691
-6690
-6687
-6685
-6684
-6681
-6679
-6677
-6677
-6677
-6676
-6675
-6675
-6675
-6672
-6670
-6669
-6665
-6661
-6658
-6658
-6657
-6656
-6655
-6652
-6651
-6648
-6647
-6644
-6641
-6639
-6638
-6637
-6635
-6632
-6630
-6627
-6624
-6623
-6616
-6615
-6615
-6615
-6614
-6613
-6611
-6608
-6605
-6603
-6602
-6598
-6592
-6592
-6590
-6588
-6588
-6586
-6579
-6579
-6577
-6576
-6576
-6576
-6571
-6569
-6569
-6565
-6564
-6563
-6560
-6555
-6555
-6553
-6549
-6546
-6543
-6542
-6540
-6537
-6537
-6535
-6530
-6527
-6522
-6519
-6518
-6517
-6517
-6517
-6514
-6511
-6507
-6507
-6501
-6500
-6500
-6498
-6496
-6496
-6493
-6493
-6492
-6488
-6484
-6484
-6481
-6480
-6479
-6477
-6474
-6471
-6469
-6469
-6468
-6463
-6462
-6462
-6460
-6459
-6459
-6456
-6455
-6454
-6453
-6453
-6452
-6447
-6440
-6439
-6437
-6436
-6435
-6435
-6434
-6433
-6432
-6429
-6429
-6427
-6424
-6422
-6420
-6418
-6417
-6401
-6396
-6395
-6395
-6394
-6394
-6393
-6393
-6393
-6391
-6382
-6379
-6378
-6374
-6371
-6368
-6367
-6365
-6363
-6362
-6361
-6361
-6360
-6359
-6354
-6354
-6352
-6351
-6348
-6348
-6347
-6345
-6335
-6334
-6331
-6329
-6327
-6323
-6317
-6315
-6312
-6310
-6309
-6307
-6300
-6299
-6297
-6294
-6293
-6290
-6290
-6289
-6289
-6289
-6288
-6287
-6285
-6284
-6282
-6281
-6277
-6276
-6271
-6271
-6263
-6263
-6261
-6259
-6259
-6258
-6257
-6255
-6255
-6248
-6247
-6236
-6236
-6234
-6233
-6232
-6228
-6228
-6226
-6225
-6225
-6223
-6221
-6220
-6219
-6218
-6218
-6217
-6216
-6216
-6216
-6214
-6213
-6211
-6210
-6209
-6206
-6200
-6198
-6194
-6186
-6182
-6181
-6179
-6178
-6177
-6174
-6170
-6168
-6168
-6165
-6162
-6154
-6152
-6152
-6150
-6150
-6149
-6149
-6138
-6137
-6136
-6133
-6131
-6128
-6124
-6123
-6119
-6115
-6115
-6115
-6114
-6114
-6113
-6112
-6108
-6108
-6106
-6106
-6106
-6105
-6104
-6098
-6098
-6098
-6096
-6095
-6093
-6090
-6080
-6076
-6074
-6073
-6073
-6072
-6069
-6063
-6063
-6061
-6060
-6059
-6057
-6045
-6038
-6036
-6035
-6034
-6034
-6033
-6029
-6029
-6028
-6027
-6021
-6017
-6009
-6009
-6007
-6006
-6006
-6005
-6003
-6002
-6002
-5998
-5994
-5991
-5991
-5988
-5987
-5984
-5983
-5982
-5981
-5981
-5974
-5973
-5972
-5969
-5965
-5964
-5957
-5956
-5955
-5953
-5951
-5944
-5944
-5943
-5942
-5941
-5941
-5941
-5941
-5940
-5939
-5937
-5935
-5931
-5931
-5929
-5928
-5924
-5923
-5918
-5915
-5913
-5912
-5911
-5910
-5909
-5908
-5907
-5906
-5906
-5906
-5904
-5901
-5901
-5899
-5896
-5896
-5894
-5894
-5893
-5892
-5890
-5886
-5886
-5883
-5881
-5881
-5879
-5875
-5873
-5869
-5868
-5867
-5865
-5864
-5864
-5864
-5863
-5857
-5856
-5852
-5849
-5848
-5845
-5844
-5843
-5841
-5841
-5835
-5834
-5833
-5833
-5831
-5827
-5826
-5821
-5817
-5817
-5816
-5814
-5812
-5811
-5808
-5805
-5805
-5803
-5793
-5792
-5792
-5791
-5791
-5791
-5789
-5788
-5788
-5787
-5787
-5786
-5785
-5780
-5780
-5778
-5777
-5775
-5772
-5772
-5772
-5769
-5767
-5765
-5764
-5762
-5758
-5757
-5751
-5751
-5751
-5744
-5743
-5742
-5741
-5740
-5738
-5734
-5731
-5730
-5730
-5720
-5718
-5714
-5713
-5713
-5712
-5711
-5705
-5704
-5704
-5701
-5698
-5688
-5686
-5686
-5686
-5683
-5681
-5680
-5680
-5676
-5673
-5670
-5667
-5664
-5658
-5658
-5655
-5648
-5648
-5643
-5641
-5640
-5639
-5633
-5633
-5629
-5628
-5626
-5625
-5622
-5618
-5617
-5617
-5616
-5613
-5611
-5609
-5609
-5607
-5598
-5598
-5596
-5596
-5596
-5594
-5591
-5590
-5588
-5587
-5583
-5580
-5575
-5574
-5570
-5569
-5564
-5563
-5559
-5559
-5557
-5557
-5555
-5554
-5549
-5548
-5548
-5546
-5545
-5541
-5540
-5536
-5535
-5532
-5526
-5522
-5521
-5521
-5519
-5518
-5514
-5513
-5509
-5507
-5505
-5504
-5503
-5496
-5495
-5495
-5494
-5494
-5491
-5490
-5490
-5485
-5484
-5483
-5482
-5481
-5481
-5479
-5477
-5476
-5471
-5470
-5469
-5469
-5469
-5468
-5467
-5463
-5463
-5456
-5456
-5455
-5452
-5452
-5448
-5446
-5444
-5441
-5441
-5439
-5438
-5438
-5435
-5431
-5431
-5422
-5421
-5421
-5420
-5419
-5418
-5416
-5415
-5415
-5414
-5414
-5412
-5407
-5406
-5404
-5403
-5402
-5400
-5400
-5398
-5397
-5395
-5394
-5392
-5390
-5390
-5389
-5389
-5387
-5384
-5383
-5383
-5383
-5382
-5379
-5377
-5376
-5376
-5375
-5375
-5374
-5372
-5371
-5370
-5369
-5367
-5361
-5360
-5354
-5350
-5350
-5350
-5347
-5346
-5345
-5343
-5343
-5340
-5340
-5338
-5336
-5335
-5335
-5334
-5332
-5330
-5327
-5325
-5325
-5321
-5320
-5317
-5316
-5316
-5316
-5314
-5313
-5311
-5310
-5310
-5310
-5310
-5309
-5309
-5308
-5308
-5302
-5302
-5301
-5290
-5281
-5281
-5280
-5279
-5279
-5275
-5273
-5270
-5267
-5266
-5266
-5266
-5264
-5264
-5262
-5261
-5259
-5254
-5247
-5247
-5246
-5244
-5240
-5240
-5233
-5230
-5228
-5226
-5225
-5219
-5218
-5213
-5213
-5209
-5208
-5207
-5201
-5198
-5195
-5193
-5193
-5186
-5186
-5180
-5177
-5177
-5176
-5176
-5174
-5174
-5173
-5171
-5170
-5170
-5162
-5162
-5161
-5156
-5155
-5152
-5152
-5149
-5147
-5144
-5144
-5142
-5137
-5136
-5135
-5134
-5134
-5133
-5131
-5126
-5122
-5119
-5118
-5117
-5116
-5113
-5112
-5109
-5104
-5102
-5100
-5097
-5097
-5097
-5093
-5092
-5086
-5083
-5082
-5082
-5081
-5080
-5078
-5077
-5076
-5075
-5073
-5073
-5068
-5067
-5066
-5065
-5061
-5054
-5053
-5053
-5052
-5049
-5048
-5044
-5044
-5043
-5043
-5041
-5035
-5031
-5030
-5028
-5026
-5023
-5022
-5020
-5018
-5018
-5017
-5017
-5010
-5010
-5006
-5006
-4999
-4999
-4995
-4994
-4989
-4988
-4986
-4980
-4978
-4978
-4976
-4976
-4975
-4974
-4968
-4966
-4963
-4957
-4955
-4953
-4951
-4950
-4949
-4948
-4945
-4945
-4944
-4944
-4943
-4943
-4942
-4942
-4938
-4937
-4934
-4934
-4933
-4929
-4925
-4921
-4921
-4919
-4917
-4916
-4914
-4913
-4912
-4907
-4906
-4903
-4899
-4895
-4895
-4892
-4891
-4889
-4883
-4883
-4881
-4881
-4880
-4875
-4875
-4873
-4873
-4873
-4872
-4869
-4869
-4867
-4866
-4863
-4861
-4860
-4856
-4856
-4855
-4854
-4853
-4851
-4849
-4846
-4846
-4845
-4845
-4844
-4842
-4839
-4839
-4836
-4833
-4832
-4832
-4825
-4825
-4823
-4816
-4816
-4813
-4811
-4808
-4808
-4807
-4803
-4803
-4799
-4799
-4798
-4797
-4797
-4795
-4793
-4791
-4791
-4788
-4787
-4786
-4786
-4785
-4784
-4783
-4779
-4777
-4776
-4773
-4769
-4768
-4766
-4765
-4765
-4765
-4764
-4763
-4762
-4761
-4756
-4753
-4751
-4750
-4749
-4749
-4748
-4747
-4746
-4746
-4745
-4744
-4741
-4739
-4739
-4738
-4738
-4723
-4719
-4717
-4716
-4715
-4712
-4712
-4711
-4708
-4707
-4706
-4706
-4704
-4703
-4702
-4702
-4701
-4701
-4696
-4695
-4692
-4691
-4690
-4689
-4686
-4683
-4682
-4682
-4678
-4676
-4676
-4675
-4673
-4672
-4672
-4671
-4669
-4669
-4667
-4665
-4661
-4660
-4660
-4659
-4658
-4656
-4653
-4651
-4644
-4641
-4639
-4639
-4634
-4633
-4632
-4630
-4628
-4626
-4623
-4618
-4616
-4606
-4606
-4604
-4600
-4600
-4599
-4599
-4598
-4598
-4598
-4597
-4595
-4592
-4591
-4590
-4590
-4589
-4587
-4585
-4585
-4585
-4584
-4582
-4578
-4578
-4575
-4573
-4572
-4572
-4571
-4566
-4565
-4564
-4564
-4564
-4560
-4559
-4556
-4556
-4555
-4554
-4554
-4549
-4546
-4546
-4546
-4542
-4540
-4539
-4538
-4538
-4535
-4534
-4534
-4532
-4531
-4530
-4529
-4528
-4525
-4523
-4520
-4511
-4509
-4505
-4500
-4499
-4496
-4488
-4488
-4487
-4480
-4474
-4470
-4469
-4464
-4458
-4448
-4446
-4446
-4444
-4441
-4440
-4440
-4439
-4437
-4435
-4432
-4430
-4427
-4423
-4423
-4421
-4420
-4420
-4419
-4417
-4416
-4413
-4412
-4411
-4409
-4409
-4406
-4405
-4404
-4403
-4402
-4397
-4397
-4392
-4390
-4390
-4386
-4381
-4376
-4374
-4372
-4370
-4367
-4362
-4357
-4357
-4357
-4356
-4355
-4352
-4351
-4349
-4347
-4343
-4339
-4337
-4336
-4332
-4331
-4331
-4329
-4329
-4324
-4323
-4321
-4320
-4319
-4315
-4313
-4312
-4309
-4308
-4306
-4302
-4302
-4298
-4295
-4294
-4293
-4291
-4287
-4286
-4285
-4282
-4282
-4281
-4280
-4273
-4269
-4266
-4264
-4264
-4264
-4262
-4257
-4255
-4252
-4251
-4251
-4236
-4234
-4234
-4230
-4229
-4227
-4227
-4225
-4222
-4221
-4220
-4217
-4215
-4213
-4212
-4211
-4211
-4210
-4210
-4208
-4208
-4208
-4206
-4204
-4203
-4202
-4200
-4196
-4194
-4192
-4192
-4188
-4185
-4185
-4184
-4183
-4176
-4175
-4170
-4168
-4167
-4166
-4164
-4164
-4164
-4160
-4160
-4160
-4158
-4156
-4153
-4144
-4143
-4141
-4139
-4139
-4138
-4134
-4127
-4125
-4125
-4123
-4111
-4111
-4109
-4108
-4106
-4105
-4101
-4100
-4099
-4098
-4097
-4094
-4093
-4091
-4088
-4086
-4085
-4085
-4084
-4084
-4079
-4078
-4075
-4073
-4070
-4065
-4064
-4060
-4060
-4059
-4054
-4054
-4052
-4050
-4047
-4045
-4044
-4043
-4039
-4036
-4035
-4030
-4028
-4028
-4024
-4016
-4016
-4015
-4011
-4008
-4006
-4001
-4001
-3998
-3997
-3995
-3994
-3993
-3993
-3991
-3991
-3990
-3990
-3984
-3981
-3981
-3980
-3979
-3977
-3974
-3971
-3970
-3968
-3967
-3962
-3961
-3958
-3958
-3957
-3955
-3955
-3952
-3949
-3947
-3943
-3939
-3937
-3937
-3930
-3929
-3929
-3921
-3918
-3917
-3912
-3912
-3907
-3906
-3906
-3903
-3903
-3900
-3899
-3898
-3897
-3895
-3892
-3890
-3887
-3882
-3880
-3880
-3879
-3878
-3878
-3876
-3873
-3873
-3872
-3869
-3866
-3865
-3863
-3862
-3862
-3859
-3854
-3853
-3851
-3850
-3845
-3845
-3839
-3838
-3834
-3832
-3830
-3828
-3828
-3827
-3826
-3824
-3821
-3817
-3815
-3812
-3811
-3806
-3806
-3804
-3801
-3799
-3796
-3794
-3791
-3791
-3791
-3790
-3790
-3789
-3788
-3787
-3785
-3783
-3783
-3782
-3778
-3777
-3777
-3776
-3776
-3776
-3774
-3774
-3770
-3770
-3764
-3763
-3761
-3759
-3758
-3758
-3757
-3757
-3756
-3755
-3755
-3753
-3753
-3747
-3747
-3746
-3743
-3740
-3731
-3730
-3729
-3729
-3728
-3725
-3725
-3723
-3715
-3713
-3707
-3705
-3701
-3700
-3696
-3695
-3687
-3683
-3682
-3681
-3680
-3679
-3677
-3676
-3676
-3672
-3671
-3670
-3670
-3670
-3670
-3669
-3668
-3664
-3662
-3662
-3660
-3659
-3656
-3654
-3654
-3651
-3651
-3651
-3651
-3649
-3648
-3648
-3647
-3645
-3644
-3640
-3634
-3632
-3632
-3632
-3630
-3630
-3629
-3628
-3626
-3625
-3625
-3625
-3625
-3624
-3623
-3620
-3619
-3617
-3616
-3614
-3613
-3610
-3607
-3605
-3602
-3601
-3598
-3597
-3595
-3592
-3589
-3588
-3586
-3584
-3583
-3582
-3580
-3578
-3577
-3577
-3573
-3572
-3568
-3567
-3566
-3566
-3561
-3559
-3556
-3553
-3549
-3541
-3540
-3539
-3539
-3538
-3534
-3534
-3533
-3531
-3531
-3528
-3523
-3522
-3521
-3520
-3519
-3518
-3514
-3514
-3513
-3511
-3510
-3498
-3497
-3493
-3493
-3492
-3489
-3489
-3483
-3482
-3478
-3477
-3476
-3476
-3472
-3472
-3472
-3472
-3470
-3466
-3466
-3464
-3463
-3463
-3463
-3461
-3457
-3457
-3456
-3455
-3454
-3451
-3449
-3445
-3444
-3443
-3439
-3437
-3436
-3436
-3429
-3427
-3425
-3418
-3417
-3415
-3412
-3407
-3405
-3405
-3404
-3402
-3397
-3395
-3393
-3393
-3392
-3390
-3388
-3386
-3384
-3382
-3380
-3378
-3373
-3373
-3368
-3367
-3366
-3366
-3363
-3362
-3361
-3361
-3359
-3358
-3357
-3353
-3351
-3349
-3349
-3346
-3345
-3345
-3337
-3336
-3336
-3336
-3333
-3333
-3332
-3328
-3326
-3326
-3322
-3320
-3318
-3317
-3316
-3316
-3316
-3314
-3313
-3310
-3307
-3305
-3305
-3301
-3301
-3301
-3296
-3291
-3290
-3290
-3289
-3289
-3284
-3282
-3279
-3278
-3277
-3275
-3274
-3273
-3272
-3266
-3264
-3262
-3261
-3261
-3259
-3259
-3258
-3256
-3248
-3248
-3247
-3243
-3238
-3237
-3237
-3234
-3234
-3230
-3227
-3226
-3225
-3222
-3218
-3217
-3217
-3215
-3214
-3213
-3211
-3211
-3209
-3205
-3204
-3202
-3201
-3199
-3197
-3194
-3194
-3193
-3188
-3185
-3183
-3182
-3182
-3176
-3176
-3175
-3175
-3171
-3171
-3171
-3169
-3167
-3166
-3159
-3157
-3154
-3152
-3150
-3150
-3148
-3145
-3144
-3142
-3139
-3137
-3135
-3135
-3134
-3134
-3131
-3128
-3127
-3125
-3124
-3122
-3117
-3115
-3114
-3113
-3113
-3110
-3110
-3109
-3108
-3106
-3104
-3101
-3097
-3097
-3093
-3091
-3088
-3088
-3085
-3085
-3084
-3084
-3082
-3081
-3080
-3080
-3077
-3077
-3075
-3075
-3071
-3071
-3066
-3059
-3056
-3055
-3055
-3050
-3049
-3046
-3045
-3045
-3045
-3042
-3041
-3039
-3037
-3036
-3036
-3034
-3033
-3030
-3027
-3017
-3015
-3014
-3012
-3012
-3011
-3011
-3007
-3006
-3005
-3000
-2997
-2996
-2995
-2991
-2990
-2989
-2988
-2986
-2978
-2971
-2971
-2966
-2966
-2962
-2961
-2958
-2953
-2953
-2953
-2952
-2948
-2944
-2939
-2938
-2928
-2927
-2923
-2922
-2921
-2920
-2916
-2916
-2915
-2915
-2915
-2914
-2913
-2913
-2909
-2909
-2902
-2902
-2901
-2898
-2898
-2894
-2893
-2892
-2891
-2889
-2887
-2886
-2886
-2882
-2879
-2878
-2878
-2878
-2877
-2875
-2874
-2869
-2865
-2865
-2864
-2860
-2859
-2853
-2852
-2849
-2849
-2847
-2847
-2844
-2844
-2841
-2840
-2839
-2838
-2837
-2837
-2834
-2830
-2830
-2828
-2828
-2826
-2822
-2820
-2818
-2815
-2814
-2811
-2809
-2808
-2808
-2806
-2800
-2800
-2799
-2798
-2798
-2798
-2797
-2796
-2792
-2784
-2783
-2783
-2780
-2774
-2773
-2772
-2770
-2770
-2770
-2767
-2762
-2760
-2760
-2758
-2757
-2756
-2754
-2752
-2741
-2733
-2732
-2730
-2730
-2716
-2707
-2701
-2700
-2700
-2697
-2696
-2695
-2695
-2695
-2684
-2682
-2681
-2679
-2679
-2679
-2676
-2675
-2672
-2670
-2668
-2665
-2664
-2658
-2655
-2654
-2645
-2644
-2641
-2636
-2631
-2629
-2625
-2625
-2621
-2621
-2621
-2618
-2617
-2616
-2615
-2612
-2612
-2611
-2610
-2610
-2604
-2602
-2597
-2592
-2592
-2590
-2589
-2587
-2587
-2585
-2585
-2585
-2585
-2582
-2581
-2579
-2577
-2574
-2573
-2572
-2567
-2566
-2566
-2564
-2559
-2558
-2556
-2554
-2553
-2550
-2547
-2543
-2541
-2541
-2531
-2530
-2529
-2528
-2528
-2524
-2520
-2520
-2519
-2518
-2516
-2514
-2513
-2513
-2511
-2511
-2509
-2509
-2508
-2508
-2507
-2505
-2504
-2504
-2503
-2502
-2499
-2494
-2491
-2491
-2486
-2485
-2484
-2483
-2479
-2477
-2477
-2476
-2472
-2472
-2471
-2469
-2465
-2463
-2463
-2461
-2458
-2453
-2452
-2451
-2450
-2448
-2448
-2447
-2446
-2445
-2436
-2435
-2430
-2430
-2428
-2425
-2425
-2424
-2415
-2412
-2411
-2411
-2409
-2406
-2403
-2396
-2395
-2395
-2394
-2394
-2392
-2392
-2391
-2390
-2389
-2387
-2385
-2378
-2376
-2376
-2375
-2374
-2372
-2372
-2370
-2368
-2365
-2364
-2362
-2362
-2362
-2361
-2358
-2357
-2357
-2354
-2353
-2347
-2345
-2336
-2336
-2336
-2335
-2331
-2326
-2325
-2325
-2319
-2318
-2316
-2314
-2313
-2311
-2308
-2308
-2306
-2302
-2296
-2294
-2293
-2290
-2290
-2287
-2286
-2282
-2281
-2280
-2276
-2276
-2275
-2274
-2273
-2273
-2272
-2271
-2271
-2268
-2265
-2264
-2261
-2257
-2253
-2253
-2252
-2248
-2248
-2247
-2242
-2241
-2239
-2239
-2237
-2236
-2236
-2235
-2234
-2230
-2229
-2224
-2217
-2217
-2216
-2216
-2213
-2212
-2211
-2210
-2209
-2207
-2206
-2206
-2205
-2205
-2202
-2200
-2199
-2199
-2197
-2197
-2191
-2188
-2186
-2184
-2180
-2179
-2173
-2166
-2165
-2163
-2159
-2158
-2153
-2151
-2150
-2149
-2147
-2145
-2139
-2135
-2135
-2134
-2132
-2127
-2123
-2122
-2121
-2121
-2121
-2118
-2117
-2116
-2114
-2111
-2111
-2111
-2105
-2103
-2103
-2099
-2097
-2095
-2093
-2092
-2091
-2090
-2090
-2088
-2086
-2084
-2077
-2074
-2073
-2073
-2071
-2071
-2065
-2064
-2063
-2063
-2061
-2061
-2060
-2057
-2057
-2057
-2055
-2054
-2051
-2050
-2046
-2043
-2042
-2041
-2037
-2035
-2034
-2034
-2034
-2032
-2031
-2029
-2027
-2024
-2022
-2020
-2018
-2017
-2017
-2014
-2009
-2008
-2007
-2004
-2001
-1997
-1994
-1991
-1990
-1988
-1986
-1986
-1982
-1982
-1979
-1976
-1975
-1970
-1969
-1963
-1963
-1962
-1962
-1958
-1955
-1952
-1950
-1946
-1945
-1944
-1943
-1943
-1943
-1939
-1935
-1935
-1934
-1932
-1932
-1925
-1922
-1920
-1919
-1918
-1917
-1911
-1908
-1908
-1907
-1906
-1905
-1904
-1903
-1902
-1900
-1899
-1899
-1894
-1893
-1892
-1892
-1886
-1884
-1884
-1883
-1881
-1879
-1878
-1874
-1873
-1873
-1872
-1869
-1868
-1868
-1867
-1865
-1864
-1859
-1858
-1854
-1853
-1853
-1849
-1849
-1849
-1848
-1847
-1847
-1847
-1845
-1842
-1841
-1837
-1837
-1835
-1824
-1824
-1816
-1814
-1811
-1808
-1808
-1808
-1805
-1804
-1802
-1800
-1797
-1795
-1787
-1786
-1786
-1784
-1783
-1783
-1775
-1773
-1773
-1771
-1768
-1766
-1766
-1762
-1762
-1759
-1758
-1757
-1755
-1754
-1753
-1749
-1741
-1741
-1740
-1740
-1739
-1738
-1737
-1736
-1736
-1736
-1734
-1734
-1734
-1733
-1732
-1731
-1731
-1730
-1730
-1729
-1727
-1722
-1721
-1720
-1719
-1719
-1718
-1710
-1709
-1707
-1705
-1698
-1698
-1697
-1693
-1692
-1692
-1690
-1688
-1687
-1687
-1686
-1686
-1680
-1679
-1678
-1676
-1674
-1668
-1662
-1659
-1659
-1657
-1657
-1650
-1648
-1639
-1636
-1636
-1630
-1628
-1623
-1623
-1618
-1618
-1618
-1616
-1616
-1614
-1614
-1613
-1613
-1612
-1604
-1600
-1596
-1595
-1593
-1592
-1588
-1588
-1587
-1585
-1585
-1585
-1584
-1580
-1579
-1572
-1567
-1563
-1559
-1555
-1552
-1551
-1551
-1551
-1550
-1550
-1544
-1543
-1541
-1541
-1540
-1537
-1537
-1533
-1533
-1532
-1532
-1530
-1525
-1524
-1523
-1523
-1522
-1521
-1521
-1520
-1520
-1519
-1517
-1516
-1515
-1514
-1513
-1513
-1512
-1512
-1506
-1506
-1503
-1502
-1500
-1500
-1480
-1479
-1475
-1474
-1473
-1472
-1470
-1470
-1465
-1457
-1457
-1455
-1455
-1453
-1450
-1447
-1446
-1443
-1441
-1439
-1436
-1434
-1432
-1429
-1426
-1418
-1418
-1417
-1417
-1416
-1416
-1412
-1407
-1403
-1400
-1399
-1396
-1395
-1391
-1388
-1383
-1383
-1378
-1377
-1373
-1371
-1369
-1362
-1359
-1358
-1355
-1353
-1349
-1348
-1347
-1346
-1346
-1346
-1346
-1341
-1339
-1339
-1334
-1333
-1326
-1324
-1323
-1323
-1322
-1320
-1319
-1316
-1315
-1310
-1308
-1308
-1306
-1305
-1304
-1304
-1304
-1299
-1297
-1296
-1296
-1294
-1291
-1287
-1284
-1282
-1280
-1278
-1277
-1271
-1266
-1265
-1263
-1261
-1261
-1260
-1258
-1253
-1249
-1246
-1245
-1240
-1240
-1230
-1228
-1223
-1222
-1222
-1220
-1220
-1220
-1218
-1215
-1212
-1211
-1209
-1202
-1199
-1196
-1195
-1194
-1193
-1192
-1189
-1188
-1188
-1186
-1181
-1181
-1180
-1179
-1173
-1173
-1173
-1170
-1169
-1166
-1165
-1163
-1161
-1161
-1152
-1149
-1147
-1146
-1145
-1143
-1142
-1138
-1135
-1134
-1133
-1130
-1129
-1128
-1124
-1123
-1121
-1121
-1118
-1116
-1110
-1108
-1107
-1107
-1107
-1103
-1100
-1098
-1097
-1096
-1095
-1095
-1094
-1093
-1093
-1093
-1092
-1091
-1089
-1086
-1086
-1086
-1086
-1082
-1078
-1075
-1068
-1063
-1062
-1061
-1059
-1058
-1057
-1055
-1051
-1049
-1049
-1047
-1046
-1045
-1044
-1041
-1039
-1036
-1035
-1035
-1032
-1027
-1024
-1020
-1017
-1015
-1014
-1013
-1012
-1008
-1008
-1007
-1006
-1005
-1003
-1003
-1002
-1001
-1000
-999
-999
-997
-994
-992
-990
-990
-983
-983
-983
-982
-982
-981
-978
-978
-977
-972
-970
-966
-964
-962
-961
-959
-957
-956
-955
-954
-952
-950
-950
-949
-947
-947
-945
-945
-945
-944
-944
-942
-942
-942
-937
-937
-932
-931
-927
-924
-922
-921
-919
-915
-914
-914
-913
-912
-911
-911
-910
-906
-905
-904
-902
-896
-895
-895
-890
-880
-873
-870
-868
-864
-863
-860
-859
-858
-856
-851
-851
-850
-847
-847
-845
-842
-841
-839
-839
-837
-835
-834
-828
-827
-826
-819
-819
-816
-812
-811
-810
-808
-807
-801
-799
-796
-796
-795
-791
-789
-784
-782
-782
-777
-775
-767
-767
-767
-765
-762
-760
-759
-758
-758
-756
-755
-753
-750
-748
-746
-744
-744
-737
-737
-736
-731
-729
-728
-727
-727
-727
-726
-725
-722
-722
-721
-720
-719
-719
-714
-714
-712
-709
-708
-706
-705
-705
-702
-700
-700
-699
-688
-687
-684
-683
-681
-679
-673
-669
-668
-668
-667
-666
-662
-659
-657
-657
-657
-656
-655
-651
-646
-645
-645
-641
-640
-637
-637
-636
-635
-633
-628
-623
-620
-620
-619
-618
-615
-615
-614
-611
-611
-609
-608
-606
-605
-605
-605
-604
-600
-600
-599
-596
-596
-593
-593
-589
-589
-588
-587
-586
-585
-584
-581
-579
-577
-574
-573
-569
-569
-569
-559
-558
-554
-553
-551
-549
-546
-542
-540
-533
-532
-531
-523
-523
-521
-518
-517
-513
-512
-507
-506
-505
-504
-504
-504
-502
-501
-500
-499
-496
-495
-492
-492
-491
-489
-488
-487
-482
-481
-480
-477
-477
-475
-466
-460
-460
-456
-454
-452
-451
-449
-446
-444
-444
-442
-440
-439
-438
-438
-433
-432
-432
-431
-428
-427
-422
-422
-420
-418
-417
-414
-413
-408
-406
-402
-401
-400
-400
-399
-398
-393
-391
-390
-387
-386
-386
-384
-384
-384
-383
-382
-381
-378
-377
-377
-376
-374
-370
-367
-366
-361
-361
-360
-360
-357
-356
-354
-353
-353
-350
-349
-348
-346
-344
-343
-343
-343
-341
-341
-340
-340
-340
-340
-339
-336
-333
-332
-331
-330
-329
-327
-321
-321
-318
-317
-317
-315
-307
-307
-306
-306
-303
-301
-300
-298
-295
-290
-288
-286
-284
-283
-279
-275
-273
-273
-272
-270
-270
-270
-265
-265
-263
-262
-262
-262
-261
-260
-259
-252
-250
-245
-241
-240
-238
-233
-229
-229
-224
-222
-221
-217
-217
-215
-214
-214
-211
-210
-207
-206
-205
-203
-201
-200
-197
-193
-192
-192
-191
-191
-190
-189
-189
-188
-184
-182
-178
-177
-174
-172
-170
-168
-161
-161
-159
-157
-155
-152
-150
-149
-141
-141
-141
-141
-137
-137
-135
-132
-130
-128
-127
-125
-124
-118
-118
-116
-115
-105
-103
-94
-94
-92
-91
-87
-83
-83
-80
-76
-74
-73
-73
-70
-66
-60
-59
-59
-58
-47
-47
-44
-33
-32
-27
-25
-25
-22
-17
-17
-16
-14
-12
-10
-7
-5
-1
1
1
4
5
12
12
12
13
17
21
25
30
32
34
34
42
45
46
51
55
57
65
81
82
83
91
92
93
95
97
100
103
105
108
110
111
111
112
113
114
116
117
123
125
126
135
135
136
138
139
140
144
152
152
153
156
161
161
164
169
170
174
176
180
181
182
182
185
185
186
186
186
187
190
194
194
198
199
205
209
211
215
216
218
219
219
219
225
227
228
233
239
240
242
244
246
249
256
257
258
260
264
264
265
266
268
269
269
272
275
277
282
284
284
285
287
289
290
294
295
298
300
301
304
305
306
306
310
314
314
315
316
319
319
320
324
325
326
327
329
329
329
329
330
335
336
336
338
339
343
345
349
352
353
356
356
357
357
357
360
361
363
365
366
366
370
372
372
378
382
383
391
392
393
396
396
399
403
403
404
405
405
406
406
415
418
418
420
422
425
426
426
428
431
432
434
437
438
439
444
444
451
453
454
454
455
455
456
456
458
459
459
461
465
467
470
470
470
472
475
475
476
477
479
479
480
485
488
489
492
494
498
499
501
503
505
507
507
508
508
508
509
511
515
520
521
523
524
526
531
532
533
538
538
541
542
544
546
549
549
549
551
552
552
556
558
560
561
562
562
564
570
572
575
575
575
576
578
578
579
590
592
593
596
597
600
602
603
609
609
610
611
612
616
617
617
617
619
620
621
622
624
627
633
638
639
639
640
640
643
644
644
644
648
650
651
657
658
658
661
662
672
673
678
678
680
684
694
694
697
702
705
705
706
711
711
713
713
714
720
724
725
729
730
732
734
734
734
737
745
751
751
751
752
757
758
761
767
769
772
775
777
782
786
786
786
790
792
800
801
802
803
806
808
808
809
810
814
817
824
825
828
829
830
834
838
842
844
846
849
849
852
852
854
856
856
857
861
863
866
869
869
873
877
878
879
879
880
881
881
882
886
892
894
894
896
897
903
904
910
912
912
913
913
914
919
919
920
920
924
925
928
930
932
939
943
944
945
947
947
947
947
948
951
951
954
955
955
956
957
959
961
963
974
975
979
986
986
992
995
995
996
998
999
1002
1003
1004
1008
1008
1011
1011
1011
1013
1015
1017
1017
1017
1019
1019
1021
1023
1026
1030
1031
1031
1031
1033
1034
1035
1039
1041
1048
1050
1058
1061
1061
1063
1063
1065
1065
1066
1066
1067
1068
1070
1072
1074
1076
1078
1078
1080
1081
1083
1090
1090
1096
1096
1098
1101
1104
1106
1107
1110
1116
1116
1118
1119
1119
1120
1122
1123
1127
1129
1133
1139
1140
1143
1145
1148
1148
1149
1149
1150
1151
1151
1154
1154
1155
1161
1163
1167
1171
1171
1172
1178
1181
1183
1183
1187
1188
1189
1190
1193
1194
1195
1196
1201
1202
1202
1204
1204
1205
1206
1209
1210
1212
1215
1220
1228
1229
1231
1231
1235
1236
1236
1238
1246
1247
1250
1251
1252
1252
1254
1254
1256
1260
1265
1265
1266
1270
1272
1276
1276
1276
1280
1280
1284
1284
1287
1288
1289
1291
1291
1301
1303
1307
1311
1311
1314
1315
1316
1317
1318
1319
1319
1320
1324
1325
1325
1326
1329
1330
1331
1333
1337
1340
1343
1343
1348
1349
1350
1350
1351
1354
1355
1356
1357
1358
1360
1362
1364
1367
1368
1368
1370
1373
1374
1375
1375
1377
1378
1381
1384
1384
1393
1394
1395
1398
1403
1404
1404
1406
1409
1410
1411
1413
1415
1418
1425
1426
1430
1432
1432
1433
1434
1434
1435
1436
1439
1441
1442
1444
1444
1448
1448
1449
1449
1452
1458
1460
1462
1469
1474
1475
1479
1482
1483
1483
1485
1485
1487
1489
1491
1494
1494
1495
1499
1500
1502
1504
1505
1505
1506
1512
1520
1521
1521
1522
1523
1525
1531
1532
1533
1534
1534
1538
1546
1546
1546
1547
1549
1551
1552
1553
1553
1556
1559
1560
1562
1564
1564
1565
1567
1568
1569
1569
1573
1574
1576
1579
1581
1583
1586
1588
1591
1601
1605
1605
1607
1610
1611
1611
1611
1616
1621
1622
1622
1627
1633
1634
1635
1636
1638
1648
1653
1655
1655
1658
1658
1658
1665
1666
1666
1666
1667
1669
1670
1671
1673
1673
1673
1673
1674
1676
1678
1678
1678
1681
1684
1687
1688
1688
1690
1693
1693
1693
1694
1695
1696
1701
1705
1705
1706
1711
1711
1711
1713
1714
1718
1719
1719
1720
1720
1721
1721
1721
1723
1725
1726
1729
1730
1733
1737
1738
1743
1745
1746
1749
1753
1758
1758
1766
1771
1773
1774
1776
1776
1777
1778
1778
1780
1780
1788
1795
1797
1798
1799
1800
1804
1805
1807
1807
1809
1809
1810
1810
1810
1811
1812
1813
1814
1815
1816
1820
1824
1825
1825
1831
1832
1832
1832
1835
1839
1842
1843
1844
1845
1846
1847
1847
1849
1853
1854
1856
1856
1858
1858
1859
1864
1864
1866
1866
1866
1867
1868
1869
1872
1872
1873
1874
1878
1886
1887
1888
1890
1896
1898
1899
1902
1907
1910
1914
1915
1917
1918
1923
1924
1925
1925
1925
1927
1928
1929
1930
1932
1937
1940
1940
1941
1945
1954
1956
1958
1961
1966
1969
1969
1969
1969
1972
1972
1973
1973
1973
1974
1982
1983
1985
1986
1986
1987
1989
1992
1995
2001
2003
2004
2011
2011
2012
2016
2019
2022
2024
2024
2026
2028
2032
2032
2035
2040
2040
2050
2051
2061
2062
2062
2065
2078
2079
2083
2084
2084
2084
2085
2086
2087
2090
2091
2094
2097
2100
2101
2103
2103
2106
2108
2108
2112
2114
2118
2118
2119
2120
2120
2120
2123
2126
2126
2129
2131
2131
2134
2135
2135
2137
2140
2142
2143
2143
2143
2145
2145
2146
2147
2148
2151
2152
2154
2156
2160
2160
2164
2167
2167
2170
2172
2177
2178
2179
2180
2188
2189
2190
2195
2198
2198
2201
2206
2206
2208
2209
2210
2211
2215
2215
2215
2219
2219
2221
2222
2222
2230
2234
2235
2236
2236
2241
2243
2245
2246
2246
2247
2248
2253
2254
2257
2259
2259
2261
2262
2266
2268
2269
2272
2273
2278
2281
2282
2284
2284
2288
2289
2290
2290
2295
2301
2302
2302
2304
2310
2311
2314
2315
2316
2320
2321
2321
2321
2322
2322
2323
2327
2327
2329
2330
2331
2333
2334
2334
2337
2338
2339
2340
2342
2346
2348
2351
2354
2354
2354
2356
2359
2361
2361
2362
2363
2363
2366
2366
2372
2373
2373
2375
2376
2376
2377
2379
2380
2380
2384
2385
2385
2385
2386
2388
2391
2392
2403
2406
2409
2412
2418
2419
2420
2420
2421
2424
2424
2426
2427
2428
2428
2430
2430
2431
2435
2436
2438
2439
2440
2440
2447
2448
2448
2450
2450
2452
2453
2454
2455
2456
2460
2460
2461
2463
2464
2465
2465
2466
2468
2469
2474
2475
2477
2480
2483
2485
2486
2486
2488
2488
2492
2493
2495
2498
2499
2501
2501
2504
2504
2504
2508
2510
2511
2512
2515
2516
2516
2519
2519
2521
2522
2522
2523
2524
2524
2524
2527
2529
2532
2534
2541
2542
2544
2549
2553
2555
2559
2562
2563
2565
2567
2567
2567
2572
2572
2574
2578
2581
2581
2583
2584
2587
2588
2590
2591
2595
2600
2607
2609
2610
2619
2621
2626
2627
2628
2629
2630
2631
2632
2633
2633
2634
2635
2635
2636
2637
2638
2640
2641
2641
2642
2643
2647
2658
2664
2670
2670
2670
2672
2673
2675
2677
2677
2680
2684
2684
2686
2687
2688
2688
2696
2696
2697
2700
2701
2702
2703
2704
2707
2710
2712
2713
2713
2716
2722
2723
2725
2725
2730
2733
2735
2735
2736
2741
2743
2744
2745
2746
2748
2749
2750
2751
2754
2755
2756
2764
2766
2768
2769
2769
2770
2770
2771
2774
2777
2783
2785
2785
2789
2790
2798
2806
2807
2808
2810
2813
2813
2813
2817
2819
2821
2826
2827
2833
2834
2844
2846
2848
2848
2849
2850
2852
2853
2854
2856
2856
2859
2861
2871
2872
2873
2874
2875
2876
2877
2878
2879
2879
2880
2883
2884
2884
2889
2890
2891
2894
2895
2897
2897
2901
2904
2905
2907
2911
2912
2915
2919
2929
2930
2932
2933
2938
2940
2941
2941
2942
2946
2948
2948
2953
2955
2958
2959
2960
2964
2966
2967
2969
2969
2970
2977
2978
2980
2982
2983
2984
2986
2987
2987
2990
2993
2994
2995
2996
2997
2998
2999
3002
3002
3002
3004
3004
3006
3020
3022
3023
3027
3029
3031
3038
3039
3039
3040
3043
3045
3046
3046
3047
3052
3053
3054
3055
3055
3055
3059
3060
3062
3066
3069
3071
3078
3080
3083
3088
3089
3090
3090
3093
3097
3100
3105
3105
3111
3112
3113
3116
3120
3120
3125
3126
3127
3127
3130
3132
3135
3136
3136
3141
3142
3142
3142
3143
3143
3144
3144
3148
3157
3158
3163
3164
3165
3167
3172
3173
3174
3182
3182
3183
3186
3187
3188
3191
3195
3201
3202
3202
3203
3210
3211
3212
3213
3214
3217
3219
3222
3226
3228
3231
3236
3237
3244
3244
3245
3247
3249
3249
3250
3255
3256
3258
3260
3260
3261
3263
3264
3266
3269
3272
3273
3278
3280
3281
3283
3285
3286
3289
3296
3297
3299
3302
3303
3305
3308
3318
3318
3321
3324
3324
3326
3327
3327
3329
3330
3338
3341
3344
3350
3354
3355
3355
3356
3358
3358
3359
3364
3364
3365
3366
3368
3375
3379
3384
3384
3390
3396
3397
3397
3402
3402
3402
3406
3407
3408
3409
3409
3412
3414
3415
3415
3418
3418
3419
3421
3425
3427
3428
3438
3439
3439
3440
3443
3444
3446
3447
3448
3449
3453
3453
3454
3457
3461
3464
3466
3467
3473
3474
3475
3479
3480
3481
3490
3491
3491
3493
3499
3501
3504
3505
3506
3507
3508
3509
3509
3509
3509
3512
3517
3517
3519
3522
3523
3524
3526
3528
3534
3537
3538
3538
3540
3543
3545
3545
3547
3548
3556
3560
3561
3562
3563
3566
3572
3572
3572
3573
3580
3584
3587
3588
3589
3589
3590
3591
3591
3594
3597
3598
3598
3599
3600
3605
3607
3608
3608
3612
3614
3619
3622
3624
3625
3629
3630
3631
3631
3632
3633
3635
3643
3648
3651
3654
3655
3655
3666
3669
3675
3677
3682
3683
3685
3685
3685
3687
3688
3693
3696
3696
3697
3698
3700
3705
3705
3708
3708
3709
3713
3715
3716
3717
3718
3720
3720
3720
3725
3728
3728
3732
3734
3739
3739
3739
3741
3744
3744
3744
3745
3745
3746
3746
3751
3751
3753
3753
3755
3755
3756
3756
3757
3761
3766
3769
3770
3770
3773
3773
3774
3775
3776
3783
3783
3783
3785
3786
3786
3786
3788
3789
3790
3790
3792
3794
3795
3795
3796
3804
3805
3809
3810
3810
3813
3815
3815
3819
3819
3820
3822
3822
3823
3826
3826
3829
3830
3832
3833
3833
3834
3834
3836
3836
3838
3838
3842
3845
3852
3855
3856
3856
3859
3860
3869
3871
3875
3878
3879
3881
3883
3885
3886
3886
3888
3891
3891
3899
3901
3901
3902
3905
3905
3909
3910
3911
3911
3912
3917
3920
3920
3926
3927
3932
3933
3933
3933
3935
3938
3942
3948
3950
3952
3958
3958
3958
3959
3964
3965
3966
3970
3971
3973
3981
3981
3982
3983
3987
3987
3992
3996
3998
3999
3999
4004
4005
4009
4010
4012
4013
4014
4015
4019
4022
4023
4025
4027
4028
4029
4029
4030
4030
4032
4037
4038
4038
4039
4040
4041
4042
4042
4044
4045
4047
4051
4052
4053
4063
4064
4065
4065
4072
4076
4078
4079
4079
4079
4082
4085
4086
4086
4087
4092
4094
4095
4102
4104
4105
4106
4106
4107
4109
4109
4111
4111
4113
4113
4115
4118
4121
4135
4135
4138
4138
4139
4145
4146
4147
4149
4151
4151
4155
4156
4156
4157
4158
4161
4162
4165
4169
4171
4173
4173
4175
4175
4177
4185
4187
4189
4189
4191
4193
4196
4196
4197
4197
4202
4207
4208
4208
4211
4212
4215
4217
4218
4220
4220
4224
4227
4228
4229
4229
4230
4230
4233
4237
4238
4239
4243
4245
4247
4249
4251
4252
4252
4255
4257
4258
4265
4265
4266
4267
4268
4272
4274
4277
4279
4281
4281
4287
4291
4291
4292
4293
4295
4296
4298
4299
4300
4302
4302
4306
4306
4307
4309
4310
4316
4319
4325
4326
4326
4330
4332
4332
4335
4335
4338
4338
4339
4341
4343
4345
4347
4349
4351
4351
4354
4354
4355
4356
4357
4358
4358
4358
4362
4362
4365
4365
4367
4369
4371
4373
4373
4375
4378
4379
4382
4382
4385
4386
4387
4387
4387
4389
4391
4392
4392
4393
4393
4394
4395
4399
4403
4403
4403
4405
4406
4410
4412
4414
4414
4416
4419
4420
4420
4420
4422
4422
4424
4426
4429
4435
4436
4437
4437
4438
4439
4440
4442
4447
4450
4454
4457
4460
4461
4462
4463
4465
4467
4467
4468
4469
4469
4470
4472
4476
4478
4479
4480
4481
4481
4488
4488
4488
4489
4492
4496
4498
4499
4504
4506
4513
4514
4516
4516
4519
4522
4529
4529
4537
4538
4539
4539
4543
4544
4548
4548
4550
4553
4556
4557
4557
4559
4562
4563
4564
4565
4565
4568
4569
4572
4577
4584
4584
4584
4586
4588
4591
4594
4596
4596
4598
4598
4599
4603
4604
4604
4606
4607
4611
4612
4614
4614
4618
4620
4625
4627
4629
4629
4631
4632
4634
4635
4640
4645
4647
4653
4657
4660
4661
4661
4662
4662
4665
4668
4670
4670
4674
4674
4675
4676
4679
4679
4680
4681
4688
4689
4690
4692
4693
4699
4701
4703
4707
4708
4712
4713
4715
4717
4717
4720
4721
4722
4724
4725
4728
4729
4731
4731
4731
4733
4734
4736
4738
4741
4746
4748
4748
4749
4751
4752
4756
4757
4758
4759
4761
4763
4764
4765
4767
4770
4774
4774
4779
4779
4781
4784
4785
4788
4790
4793
4794
4795
4799
4802
4802
4803
4805
4812
4813
4813
4814
4818
4818
4824
4834
4835
4835
4838
4839
4839
4842
4844
4845
4846
4846
4846
4848
4851
4851
4852
4859
4860
4860
4861
4862
4863
4863
4864
4866
4867
4867
4868
4868
4869
4870
4875
4876
4881
4887
4890
4896
4897
4898
4899
4900
4901
4905
4905
4906
4910
4911
4912
4912
4913
4913
4915
4915
4916
4918
4918
4920
4922
4926
4927
4930
4935
4937
4942
4942
4948
4952
4953
4955
4959
4966
4967
4968
4970
4972
4976
4983
4984
4985
4986
4987
4988
4989
4990
4991
4992
4997
4997
4998
5001
5003
5003
5003
5003
5005
5006
5008
5011
5011
5012
5016
5019
5020
5020
5023
5026
5029
5030
5032
5033
5034
5034
5036
5036
5037
5038
5039
5041
5048
5050
5050
5051
5055
5056
5057
5059
5059
5061
5062
5064
5066
5067
5068
5068
5068
5069
5069
5072
5073
5080
5081
5083
5084
5086
5088
5089
5091
5092
5092
5094
5097
5104
5106
5109
5111
5112
5113
5113
5114
5115
5116
5117
5118
5119
5121
5122
5122
5123
5124
5125
5129
5131
5132
5134
5135
5135
5136
5144
5144
5144
5145
5145
5148
5150
5159
5163
5163
5168
5169
5170
5172
5175
5176
5176
5186
5189
5192
5192
5196
5196
5199
5199
5200
5203
5204
5205
5209
5212
5212
5218
5222
5222
5223
5226
5231
5237
5242
5242
5242
5243
5245
5247
5249
5250
5250
5253
5253
5254
5256
5257
5260
5261
5264
5266
5268
5268
5269
5272
5273
5273
5276
5277
5283
5288
5288
5290
5295
5296
5298
5299
5303
5304
5305
5309
5309
5311
5312
5313
5315
5316
5317
5320
5320
5321
5327
5331
5334
5334
5335
5339
5339
5339
5341
5342
5344
5345
5345
5346
5351
5354
5355
5356
5359
5360
5360
5360
5362
5362
5364
5364
5368
5370
5372
5373
5373
5377
5378
5380
5380
5381
5384
5385
5391
5397
5401
5402
5404
5405
5406
5409
5409
5410
5411
5418
5420
5421
5423
5424
5425
5431
5431
5433
5433
5433
5434
5435
5441
5443
5444
5445
5446
5446
5447
5450
5451
5452
5452
5453
5453
5454
5455
5456
5457
5465
5467
5467
5469
5471
5476
5477
5477
5478
5480
5485
5486
5487
5487
5490
5492
5492
5492
5493
5494
5496
5504
5507
5509
5510
5510
5511
5512
5515
5515
5515
5516
5518
5519
5519
5521
5524
5525
5528
5535
5535
5536
5537
5537
5539
5541
5549
5551
5554
5558
5559
5561
5568
5572
5576
5578
5580
5581
5582
5582
5584
5586
5587
5589
5591
5592
5593
5594
5595
5598
5599
5602
5603
5607
5608
5609
5609
5611
5614
5620
5620
5620
5622
5623
5624
5626
5635
5637
5639
5647
5647
5648
5649
5649
5650
5651
5653
5659
5659
5660
5663
5663
5663
5665
5666
5666
5667
5667
5668
5677
5680
5683
5685
5688
5688
5692
5693
5694
5698
5700
5701
5702
5703
5703
5705
5706
5706
5710
5711
5712
5714
5715
5717
5719
5724
5728
5731
5732
5734
5741
5742
5742
5752
5754
5754
5756
5757
5759
5759
5760
5762
5765
5769
5770
5772
5773
5773
5776
5778
5785
5786
5787
5791
5800
5804
5805
5806
5808
5810
5811
5815
5822
5825
5826
5833
5834
5834
5836
5841
5845
5846
5847
5850
5850
5852
5852
5853
5856
5856
5859
5863
5864
5868
5869
5872
5875
5875
5881
5882
5883
5883
5884
5884
5891
5892
5892
5894
5894
5894
5896
5897
5898
5902
5905
5906
5907
5908
5909
5909
5911
5911
5916
5923
5923
5924
5925
5925
5926
5927
5928
5932
5933
5934
5934
5935
5935
5936
5937
5938
5938
5938
5938
5940
5943
5943
5945
5948
5948
5952
5953
5955
5961
5963
5963
5965
5972
5973
5973
5977
5978
5980
5984
5987
5987
5988
5988
5989
5993
5994
5994
5994
5996
5997
5999
6000
6001
6008
6009
6011
6011
6013
6015
6015
6017
6021
6022
6024
6026
6028
6031
6032
6032
6033
6035
6040
6041
6041
6042
6047
6051
6054
6058
6058
6059
6060
6063
6063
6065
6077
6081
6081
6087
6087
6091
6091
6093
6094
6096
6097
6101
6104
6113
6117
6126
6127
6127
6128
6128
6130
6131
6131
6132
6139
6139
6140
6140
6147
6148
6150
6158
6158
6158
6162
6163
6165
6174
6183
6183
6184
6186
6186
6188
6189
6190
6194
6194
6195
6195
6198
6198
6201
6202
6204
6205
6210
6213
6216
6220
6221
6222
6226
6226
6228
6231
6234
6234
6234
6234
6235
6236
6242
6243
6246
6256
6257
6257
6258
6267
6271
6274
6275
6275
6280
6280
6281
6281
6282
6285
6293
6295
6297
6298
6303
6306
6308
6309
6314
6315
6316
6316
6318
6319
6321
6322
6324
6324
6326
6329
6333
6336
6337
6337
6338
6341
6341
6342
6342
6343
6344
6345
6356
6356
6357
6359
6361
6362
6364
6364
6364
6372
6374
6377
6388
6391
6392
6397
6398
6398
6399
6399
6400
6404
6404
6404
6408
6411
6412
6414
6418
6419
6427
6430
6433
6434
6435
6436
6438
6440
6445
6447
6448
6449
6449
6450
6450
6451
6451
6454
6456
6458
6462
6463
6465
6467
6473
6477
6477
6477
6477
6484
6485
6485
6489
6492
6495
6496
6498
6498
6503
6504
6514
6515
6516
6519
6519
6521
6525
6525
6532
6535
6539
6539
6540
6542
6543
6543
6545
6549
6552
6553
6554
6554
6555
6555
6557
6559
6560
6560
6562
6563
6566
6567
6567
6567
6571
6571
6573
6573
6573
6575
6576
6577
6578
6580
6582
6582
6583
6584
6585
6587
6587
6590
6595
6601
6607
6607
6612
6613
6614
6615
6616
6619
6620
6623
6629
6630
6631
6636
6637
6640
6641
6644
6644
6646
6648
6652
6655
6655
6659
6663
6664
6664
6665
6667
6667
6667
6667
6668
6671
6671
6673
6674
6676
6681
6682
6685
6686
6686
6687
6689
6689
6689
6693
6694
6697
6698
6699
6703
6704
6705
6708
6708
6709
6710
6711
6711
6712
6712
6713
6713
6715
6715
6716
6719
6722
6724
6726
6726
6726
6728
6731
6731
6734
6735
6738
6738
6739
6741
6742
6745
6745
6750
6753
6757
6757
6758
6760
6763
6765
6766
6769
6769
6775
6776
6781
6781
6787
6788
6795
6798
6800
6802
6804
6808
6810
6811
6811
6814
6815
6818
6822
6827
6827
6831
6833
6836
6836
6840
6844
6848
6849
6853
6853
6854
6856
6858
6859
6863
6865
6872
6874
6876
6878
6880
6881
6881
6884
6884
6888
6892
6893
6899
6899
6900
6905
6905
6907
6912
6924
6931
6931
6932
6932
6935
6939
6941
6943
6945
6946
6953
6955
6955
6960
6963
6963
6964
6966
6968
6971
6971
6974
6975
6975
6976
6976
6977
6979
6979
6979
6981
6982
6984
6986
6989
6990
6992
6993
6994
6994
6996
6996
6997
6999
7000
7001
7002
7003
7005
7005
7006
7009
7011
7012
7013
7014
7018
7019
7020
7026
7028
7029
7030
7030
7031
7034
7035
7036
7040
7041
7041
7043
7048
7049
7051
7053
7053
7055
7062
7063
7070
7071
7076
7078
7079
7090
7096
7098
7101
7102
7104
7106
7107
7114
7115
7120
7121
7121
7125
7127
7128
7131
7132
7134
7138
7138
7145
7147
7152
7156
7157
7159
7161
7163
7163
7164
7164
7164
7170
7170
7172
7172
7173
7173
7173
7173
7174
7175
7176
7180
7184
7186
7190
7191
7192
7195
7196
7196
7197
7199
7200
7203
7213
7213
7214
7216
7218
7218
7220
7220
7221
7225
7228
7231
7232
7233
7236
7236
7238
7238
7239
7239
7247
7247
7249
7251
7252
7256
7259
7260
7261
7264
7265
7266
7270
7271
7272
7272
7275
7276
7278
7278
7280
7281
7281
7282
7284
7285
7285
7286
7291
7292
7292
7294
7294
7294
7298
7299
7300
7303
7308
7308
7317
7317
7322
7324
7324
7324
7326
7327
7327
7328
7329
7330
7331
7331
7334
7334
7335
7337
7338
7338
7339
7340
7344
7345
7347
7347
7351
7353
7354
7357
7359
7361
7362
7364
7366
7368
7370
7370
7373
7374
7374
7375
7378
7380
7380
7385
7388
7389
7390
7391
7393
7393
7394
7395
7396
7398
7399
7401
7404
7405
7406
7408
7409
7409
7410
7411
7413
7416
7416
7421
7421
7421
7425
7425
7425
7426
7427
7428
7430
7432
7434
7436
7436
7439
7440
7441
7443
7444
7446
7446
7446
7449
7451
7453
7453
7453
7453
7462
7467
7468
7470
7471
7473
7476
7476
7477
7477
7478
7478
7478
7479
7479
7482
7487
7488
7488
7488
7488
7489
7497
7500
7500
7501
7504
7510
7510
7512
7513
7513
7513
7517
7519
7522
7523
7523
7529
7529
7530
7531
7533
7534
7538
7540
7546
7551
7555
7557
7558
7564
7566
7572
7574
7574
7578
7582
7584
7588
7591
7592
7597
7598
7599
7600
7602
7602
7603
7608
7612
7616
7619
7620
7622
7626
7626
7629
7631
7631
7631
7632
7632
7639
7640
7642
7642
7650
7652
7653
7654
7667
7668
7669
7669
7670
7670
7671
7672
7676
7679
7681
7684
7684
7686
7687
7688
7688
7692
7697
7702
7704
7704
7706
7706
7707
7711
7712
7713
7715
7717
7718
7718
7725
7726
7726
7728
7731
7734
7734
7734
7740
7741
7743
7745
7747
7748
7750
7757
7761
7762
7773
7774
7775
7776
7777
7782
7783
7789
7790
7800
7803
7803
7804
7810
7812
7816
7822
7826
7829
7831
7831
7832
7832
7837
7839
7841
7842
7846
7848
7849
7849
7850
7850
7851
7853
7854
7856
7858
7858
7859
7859
7859
7859
7861
7866
7869
7874
7874
7874
7874
7875
7875
7876
7876
7879
7882
7883
7888
7891
7897
7900
7901
7902
7907
7909
7911
7912
7912
7913
7913
7914
7918
7919
7921
7923
7924
7924
7927
7933
7935
7937
7938
7939
7940
7940
7940
7942
7944
7947
7947
7951
7956
7957
7957
7959
7964
7965
7967
7967
7968
7973
7979
7979
7980
7982
7985
7986
7990
7994
7994
7994
7995
7996
8005
8006
8012
8012
8014
8014
8018
8019
8021
8022
8023
8027
8029
8030
8031
8045
8045
8046
8047
8050
8051
8051
8051
8051
8052
8052
8053
8053
8056
8062
8063
8065
8066
8066
8066
8069
8070
8076
8076
8079
8079
8080
8084
8090
8090
8092
8093
8094
8095
8097
8099
8100
8101
8109
8109
8109
8113
8113
8114
8116
8117
8117
8118
8119
8126
8127
8131
8133
8135
8139
8141
8142
8144
8145
8147
8147
8150
8151
8153
8156
8158
8159
8162
8164
8165
8166
8166
8170
8171
8173
8174
8176
8179
8179
8180
8180
8181
8183
8184
8186
8187
8188
8192
8194
8194
8196
8197
8198
8199
8204
8208
8212
8215
8217
8217
8217
8218
8219
8220
8222
8226
8226
8231
8234
8236
8238
8239
8241
8244
8245
8248
8249
8249
8249
8251
8253
8253
8253
8254
8254
8257
8261
8261
8261
8263
8263
8265
8268
8269
8270
8271
8275
8276
8277
8278
8281
8283
8286
8286
8287
8288
8289
8290
8291
8292
8293
8295
8297
8301
8303
8306
8307
8308
8314
8316
8316
8316
8316
8318
8319
8319
8320
8321
8323
8323
8323
8324
8325
8330
8335
8335
8338
8339
8343
8343
8344
8344
8346
8347
8347
8349
8349
8349
8353
8354
8355
8356
8357
8360
8362
8363
8365
8365
8365
8372
8372
8373
8373
8382
8383
8385
8388
8391
8395
8398
8400
8401
8402
8402
8402
8403
8410
8414
8415
8417
8419
8420
8420
8421
8424
8432
8441
8441
8442
8444
8446
8447
8448
8449
8450
8450
8458
8460
8462
8465
8469
8469
8472
8473
8476
8477
8479
8480
8480
8484
8485
8485
8487
8488
8510
8510
8514
8514
8517
8518
8518
8521
8527
8530
8532
8533
8537
8537
8540
8541
8541
8543
8547
8551
8552
8553
8554
8555
8562
8564
8564
8565
8569
8576
8579
8582
8587
8590
8591
8596
8596
8601
8605
8606
8608
8613
8616
8619
8620
8622
8622
8628
8629
8633
8634
8636
8641
8649
8649
8649
8650
8650
8650
8652
8654
8657
8661
8662
8663
8664
8667
8668
8669
8670
8671
8672
8673
8674
8674
8676
8677
8681
8681
8681
8682
8684
8687
8690
8691
8692
8694
8696
8697
8706
8708
8708
8708
8711
8714
8715
8726
8728
8729
8731
8732
8737
8740
8745
8746
8749
8750
8754
8756
8761
8766
8774
8777
8781
8784
8787
8789
8789
8794
8794
8794
8797
8802
8809
8811
8812
8813
8813
8816
8818
8818
8818
8822
8823
8824
8825
8833
8835
8836
8837
8839
8843
8845
8849
8850
8850
8853
8853
8853
8861
8865
8865
8866
8866
8867
8869
8872
8874
8874
8874
8877
8878
8879
8880
8880
8882
8884
8892
8892
8896
8897
8899
8903
8908
8910
8911
8912
8913
8913
8921
8922
8924
8926
8928
8929
8931
8934
8934
8935
8936
8942
8943
8945
8949
8950
8951
8951
8952
8952
8953
8953
8956
8960
8961
8963
8963
8964
8969
8972
8974
8976
8977
8979
8986
8990
8991
8993
8996
8997
8997
8998
8999
9001
9002
9007
9009
9010
9012
9013
9014
9021
9022
9022
9024
9025
9027
9030
9030
9030
9032
9034
9035
9040
9043
9045
9046
9051
9051
9051
9052
9053
9055
9056
9056
9057
9057
9060
9062
9063
9063
9065
9069
9069
9070
9071
9071
9072
9075
9077
9078
9078
9080
9081
9088
9093
9094
9096
9096
9098
9098
9098
9103
9103
9104
9105
9105
9106
9108
9110
9112
9113
9115
9116
9117
9118
9119
9121
9122
9127
9128
9129
9130
9131
9131
9132
9134
9134
9138
9138
9140
9142
9144
9145
9145
9147
9153
9153
9154
9158
9159
9161
9164
9165
9167
9168
9169
9170
9171
9175
9176
9176
9181
9182
9188
9188
9193
9194
9196
9200
9203
9204
9204
9205
9205
9210
9210
9211
9219
9224
9228
9230
9235
9237
9238
9241
9244
9244
9247
9248
9249
9250
9251
9251
9254
9257
9259
9265
9267
9269
9271
9272
9272
9272
9273
9274
9276
9276
9277
9277
9278
9285
9286
9286
9289
9289
9290
9296
9296
9306
9307
9307
9308
9308
9309
9310
9311
9313
9320
9321
9322
9323
9327
9327
9327
9328
9330
9332
9335
9336
9341
9341
9341
9341
9342
9349
9350
9351
9354
9356
9356
9360
9365
9365
9367
9368
9368
9373
9382
9384
9386
9387
9392
9394
9395
9396
9399
9399
9399
9399
9400
9402
9403
9408
9409
9413
9413
9415
9416
9417
9417
9417
9418
9419
9421
9422
9422
9428
9428
9429
9434
9435
9438
9444
9452
9453
9456
9463
9470
9473
9479
9486
9487
9490
9493
9496
9498
9498
9499
9502
9504
9504
9506
9506
9510
9511
9512
9512
9513
9513
9517
9523
9526
9528
9534
9537
9545
9548
9551
9552
9553
9556
9557
9557
9560
9561
9561
9568
9572
9573
9574
9578
9579
9580
9582
9587
9588
9589
9598
9598
9599
9607
9609
9610
9613
9613
9616
9617
9617
9617
9617
9618
9619
9622
9623
9624
9624
9624
9626
9626
9629
9630
9631
9633
9633
9636
9636
9637
9637
9642
9651
9651
9654
9660
9660
9662
9665
9666
9666
9667
9667
9673
9675
9679
9679
9680
9680
9681
9681
9682
9682
9683
9683
9685
9686
9686
9688
9689
9690
9693
9696
9700
9703
9710
9710
9710
9712
9713
9713
9713
9715
9717
9718
9718
9719
9721
9723
9726
9729
9736
9736
9738
9740
9741
9741
9741
9742
9746
9748
9752
9752
9756
9756
9757
9758
9758
9760
9765
9770
9776
9781
9784
9784
9787
9791
9791
9792
9792
9794
9794
9794
9795
9796
9797
9800
9802
9806
9809
9809
9815
9819
9822
9823
9824
9828
9829
9829
9831
9831
9832
9834
9842
9843
9845
9846
9854
9854
9854
9855
9855
9858
9859
9859
9860
9862
9863
9864
9867
9868
9869
9870
9870
9876
9877
9880
9881
9883
9883
9886
9887
9888
9889
9891
9891
9893
9894
9899
9901
9904
9905
9906
9907
9908
9915
9919
9920
9920
9924
9925
9925
9926
9926
9930
9931
9935
9936
9936
9939
9940
9941
9941
9942
9942
9942
9942
9944
9945
9947
9948
9950
9951
9953
9955
9959
9961
9961
9962
9962
9965
9967
9967
9971
9971
9974
9976
9978
9982
9982
9983
9984
9985
9987
9987
9988
9990
9995
9995
9998
10000
