11865
6603
-999
-998
-996
-995
-990
-989
-987
-981
-979
-979
-978
-977
-974
-973
-966
-966
-964
-964
-963
-960
-959
-957
-953
-952
-950
-950
-947
-946
-945
-943
-942
-939
-938
-937
-935
-932
-929
-928
-927
-924
-920
-918
-916
-916
-903
-903
-903
-903
-903
-902
-901
-900
-900
-899
-895
-888
-885
-885
-884
-883
-883
-881
-881
-879
-874
-873
-870
-869
-868
-866
-866
-865
-864
-864
-862
-860
-857
-850
-848
-846
-844
-840
-838
-836
-832
-830
-830
-824
-823
-822
-819
-817
-816
-814
-812
-809
-805
-801
-798
-796
-796
-795
-791
-789
-788
-787
-785
-781
-777
-768
-767
-767
-767
-763
-761
-761
-757
-752
-751
-748
-747
-746
-738
-738
-738
-737
-736
-732
-731
-731
-729
-728
-727
-726
-725
-725
-724
-724
-723
-722
-718
-717
-717
-716
-714
-713
-709
-709
-709
-708
-701
-700
-699
-696
-696
-696
-693
-690
-690
-689
-686
-685
-685
-681
-680
-679
-675
-673
-672
-672
-670
-669
-666
-662
-661
-661
-659
-658
-650
-650
-649
-644
-644
-644
-642
-641
-639
-635
-633
-633
-631
-631
-629
-628
-624
-622
-622
-621
-620
-618
-617
-615
-613
-612
-612
-610
-609
-609
-607
-602
-600
-598
-596
-594
-593
-591
-589
-589
-588
-587
-587
-586
-585
-585
-579
-575
-574
-573
-572
-572
-571
-568
-564
-563
-562
-562
-561
-559
-556
-555
-552
-550
-546
-544
-544
-542
-538
-536
-535
-534
-533
-532
-532
-529
-528
-526
-525
-521
-518
-516
-513
-511
-511
-510
-508
-508
-507
-507
-507
-506
-506
-505
-505
-502
-501
-499
-499
-496
-496
-491
-491
-490
-485
-483
-483
-480
-478
-478
-476
-476
-473
-471
-471
-465
-463
-462
-461
-461
-457
-455
-452
-452
-452
-446
-446
-445
-442
-440
-438
-437
-437
-432
-431
-429
-429
-427
-426
-425
-423
-421
-421
-421
-419
-417
-417
-412
-411
-411
-410
-408
-405
-403
-398
-398
-395
-395
-392
-388
-388
-388
-387
-384
-380
-378
-377
-376
-373
-367
-367
-366
-366
-366
-364
-358
-358
-356
-356
-356
-353
-353
-348
-347
-346
-346
-345
-342
-339
-329
-329
-328
-322
-321
-318
-316
-313
-311
-309
-308
-306
-305
-301
-297
-297
-297
-293
-290
-290
-287
-281
-278
-277
-276
-275
-268
-264
-260
-260
-255
-253
-251
-246
-246
-242
-239
-237
-233
-232
-231
-228
-225
-224
-223
-221
-219
-217
-214
-212
-209
-206
-204
-204
-199
-194
-188
-183
-180
-179
-178
-176
-174
-172
-170
-170
-167
-166
-164
-160
-159
-157
-157
-157
-156
-153
-148
-147
-145
-143
-138
-138
-138
-135
-132
-132
-128
-125
-123
-122
-120
-118
-118
-115
-114
-112
-110
-109
-104
-102
-100
-99
-97
-96
-89
-88
-85
-85
-84
-84
-80
-73
-69
-69
-67
-64
-63
-59
-57
-56
-55
-50
-48
-48
-46
-43
-42
-39
-38
-34
-33
-33
-32
-30
-29
-28
-26
-23
-21
-20
-19
-16
-16
-15
-13
-10
-5
-5
-4
-3
0
1
3
4
5
5
6
9
14
18
19
24
29
30
30
34
40
45
46
47
49
49
51
51
52
53
53
54
54
56
60
65
69
71
72
74
79
80
80
80
84
84
85
88
90
91
94
95
96
97
99
100
101
101
102
104
105
106
109
116
117
117
122
125
125
126
128
129
131
131
133
133
133
134
136
137
137
139
146
147
149
155
156
156
165
166
175
178
179
184
189
190
193
195
197
198
202
206
212
214
215
215
217
220
220
220
222
225
228
231
236
237
242
244
244
245
248
249
249
251
251
253
253
253
256
262
265
268
268
271
273
275
281
285
286
288
289
292
295
295
295
295
297
299
300
304
307
308
313
313
317
323
325
327
328
337
337
339
343
346
346
349
356
356
358
359
359
360
362
364
364
366
367
368
369
370
376
376
379
379
382
384
386
387
390
390
396
401
404
411
412
413
416
417
418
420
421
424
424
425
430
434
435
439
444
444
446
450
460
466
466
476
476
479
480
482
482
494
495
496
497
497
498
506
507
507
508
511
512
520
521
526
527
533
535
535
544
545
545
546
548
549
551
554
554
555
557
560
560
561
564
566
566
566
568
570
575
579
583
584
587
592
608
615
620
622
622
624
626
629
630
635
636
643
647
649
652
655
659
671
672
674
675
677
678
679
683
685
687
688
689
690
692
693
695
695
696
699
701
703
704
705
706
708
711
712
716
718
718
723
724
725
725
725
727
728
729
730
730
737
739
739
741
743
743
744
746
746
749
756
757
758
759
767
768
770
770
772
774
776
778
778
780
781
782
782
783
786
786
787
792
793
799
800
803
803
804
804
804
804
807
808
808
810
810
813
818
819
819
820
821
821
822
822
823
824
825
826
832
832
836
836
836
838
839
839
840
840
841
843
844
845
849
850
850
851
851
853
855
855
862
863
867
870
872
875
875
877
878
881
884
884
887
888
893
896
897
902
903
904
908
909
911
915
916
918
919
921
922
922
927
929
930
933
934
934
938
939
940
940
941
946
946
947
948
949
949
950
950
950
950
950
950
953
957
958
959
960
961
962
965
965
965
965
971
973
973
974
974
976
977
978
979
981
981
987
990
993
996
996
997
998
999
