1000
-999
-998
-995
-993
-992
-990
-990
-989
-988
-981
-978
-976
-976
-975
-972
-970
-968
-966
-965
-965
-957
-954
-951
-949
-948
-947
-944
-942
-941
-936
-931
-928
-926
-923
-922
-920
-918
-917
-916
-916
-915
-906
-904
-901
-900
-900
-900
-897
-896
-896
-896
-894
-894
-892
-891
-885
-882
-881
-879
-877
-877
-873
-872
-872
-865
-854
-848
-847
-845
-844
-844
-842
-835
-833
-833
-832
-830
-827
-827
-826
-824
-824
-823
-814
-812
-812
-809
-806
-805
-803
-803
-803
-802
-800
-799
-798
-797
-797
-795
-794
-794
-790
-785
-781
-780
-779
-779
-777
-773
-769
-767
-767
-766
-765
-763
-760
-757
-757
-755
-753
-752
-752
-751
-746
-744
-742
-741
-739
-737
-736
-736
-733
-732
-730
-729
-728
-723
-723
-723
-722
-721
-720
-715
-714
-712
-709
-708
-702
-700
-692
-690
-688
-686
-679
-676
-675
-674
-673
-673
-673
-671
-670
-670
-668
-666
-666
-661
-658
-656
-656
-654
-652
-652
-649
-647
-647
-646
-644
-643
-643
-643
-641
-637
-637
-633
-632
-631
-629
-628
-626
-626
-619
-619
-618
-612
-611
-608
-608
-603
-602
-600
-599
-599
-593
-592
-588
-584
-584
-582
-581
-579
-576
-574
-570
-569
-569
-565
-563
-562
-561
-558
-556
-556
-551
-542
-541
-540
-540
-537
-536
-533
-531
-529
-523
-521
-517
-516
-515
-512
-511
-510
-509
-508
-504
-504
-502
-502
-500
-500
-500
-498
-498
-497
-496
-495
-494
-494
-491
-491
-487
-486
-486
-486
-485
-484
-482
-479
-476
-474
-462
-458
-455
-452
-452
-451
-448
-445
-444
-444
-443
-443
-439
-438
-438
-437
-437
-437
-432
-432
-431
-429
-427
-426
-425
-425
-425
-422
-422
-418
-415
-413
-412
-411
-406
-404
-403
-401
-400
-398
-398
-397
-396
-396
-396
-392
-392
-390
-388
-385
-381
-381
-380
-379
-376
-375
-372
-366
-365
-364
-363
-360
-356
-356
-356
-350
-349
-349
-347
-346
-342
-340
-336
-336
-334
-334
-331
-330
-329
-328
-327
-324
-324
-319
-314
-313
-312
-312
-304
-304
-298
-294
-294
-292
-285
-285
-284
-284
-283
-280
-271
-266
-262
-261
-261
-256
-254
-253
-253
-252
-241
-240
-240
-239
-239
-237
-237
-235
-234
-234
-232
-226
-218
-218
-218
-216
-216
-216
-214
-214
-212
-211
-206
-202
-199
-196
-196
-192
-189
-188
-182
-179
-177
-177
-176
-176
-175
-174
-173
-173
-171
-170
-169
-167
-163
-162
-161
-159
-159
-155
-155
-155
-153
-153
-151
-150
-149
-148
-147
-142
-139
-138
-137
-137
-135
-131
-129
-122
-119
-118
-118
-117
-113
-112
-111
-109
-108
-108
-103
-103
-103
-102
-101
-97
-94
-94
-93
-93
-89
-88
-85
-74
-73
-66
-65
-64
-60
-58
-57
-55
-54
-52
-52
-51
-51
-50
-45
-42
-40
-38
-29
-22
-22
-21
-20
-20
-19
-19
-17
-17
-16
-11
-9
-8
-7
-6
-3
1
2
5
7
9
11
12
12
12
14
14
17
18
21
23
25
27
29
38
39
41
42
45
46
48
52
55
56
58
60
63
68
74
81
81
82
82
84
84
85
89
101
104
108
109
110
110
112
113
115
115
115
116
116
118
118
119
123
127
134
135
136
139
140
143
144
146
147
147
148
149
151
152
153
154
156
156
159
159
160
172
176
176
177
178
178
179
182
183
183
186
189
194
196
197
200
201
202
203
203
203
205
205
207
209
217
217
218
220
224
225
226
227
230
231
238
239
239
241
242
243
244
245
245
245
251
251
252
253
254
254
255
256
256
261
267
267
269
273
279
280
282
284
288
288
288
288
289
293
299
301
306
309
311
311
313
315
316
317
323
323
324
324
326
328
328
335
336
337
339
341
342
346
346
350
353
356
358
358
358
359
360
363
365
366
366
368
371
371
376
377
378
378
380
382
384
387
390
390
391
392
393
393
403
403
404
405
405
407
409
411
412
414
417
417
418
420
420
433
436
440
441
442
446
446
452
453
453
455
460
465
469
469
473
473
475
486
497
498
502
503
506
512
516
522
526
528
530
533
533
535
542
549
550
560
560
561
561
568
577
580
581
581
582
582
582
584
586
587
590
596
599
599
601
603
604
606
607
607
608
611
613
614
614
618
619
621
622
622
624
629
630
631
631
631
631
636
636
639
642
643
646
650
650
652
653
654
656
656
657
659
661
664
665
665
676
677
677
679
685
687
689
691
692
692
693
693
694
696
698
698
698
700
701
701
703
705
705
710
710
711
712
713
713
714
722
724
724
727
727
730
738
740
742
743
744
744
748
749
750
751
755
758
758
760
760
761
762
764
765
769
769
770
774
775
776
777
780
783
786
788
789
789
792
793
797
802
803
809
809
809
811
811
816
816
816
817
823
824
827
828
829
829
834
839
840
842
842
842
843
844
851
854
855
858
859
862
864
867
868
870
877
879
879
881
881
883
886
889
892
892
893
893
893
893
897
898
899
900
901
903
904
907
908
909
915
915
915
918
919
923
923
924
924
925
925
925
927
928
930
931
932
937
938
940
941
943
945
949
949
949
951
956
959
962
962
963
965
966
970
970
971
971
973
974
977
979
981
982
984
990
992
993
994
