1000
994
993
992
990
984
982
981
979
977
974
973
971
971
970
970
966
965
963
962
962
959
956
951
949
949
949
945
943
941
940
938
937
932
931
930
928
927
925
925
925
924
924
923
923
919
918
915
915
915
909
908
907
904
903
901
900
899
898
897
893
893
893
893
892
892
889
886
883
881
881
879
879
877
870
868
867
864
862
859
858
855
854
851
844
843
842
842
842
840
839
834
829
829
828
827
824
823
817
816
816
816
811
811
809
809
809
803
802
797
793
792
789
789
788
786
783
780
777
776
775
774
770
769
769
765
764
762
761
760
760
758
758
755
751
750
749
748
744
744
743
742
740
738
730
727
727
724
724
722
714
713
713
712
711
710
710
705
705
703
701
701
700
698
698
698
696
694
693
693
692
692
691
689
687
685
679
677
677
676
665
665
664
661
659
657
656
656
654
653
652
650
650
646
643
642
639
636
636
631
631
631
631
630
629
624
622
622
621
619
618
614
614
613
611
608
607
607
606
604
603
601
599
599
596
590
587
586
584
582
582
582
581
581
580
577
568
561
561
560
560
550
549
542
535
533
533
530
528
526
522
516
512
506
503
502
498
497
486
475
473
473
469
469
465
460
455
453
453
452
446
446
442
441
440
436
433
420
420
418
417
417
414
412
411
409
407
405
405
404
403
403
393
393
392
391
390
390
387
384
382
380
378
378
377
376
371
371
368
366
366
365
363
360
359
358
358
358
356
353
350
346
346
342
341
339
337
336
335
328
328
326
324
324
323
323
317
316
315
313
311
311
309
306
301
299
293
289
288
288
288
288
284
282
280
279
273
269
267
267
261
256
256
255
254
254
253
252
251
251
245
245
245
244
243
242
241
239
239
238
231
230
227
226
225
224
220
218
217
217
209
207
205
205
203
203
203
202
201
200
197
196
194
189
186
183
183
182
179
178
178
177
176
176
172
160
159
159
156
156
154
153
152
151
149
148
147
147
146
144
143
140
139
136
135
134
127
123
119
118
118
116
116
115
115
115
113
112
110
110
109
108
104
101
89
85
84
84
82
82
81
81
74
68
63
60
58
56
55
52
48
46
45
42
41
39
38
29
27
25
23
21
18
17
14
14
12
12
12
11
9
7
5
2
1
-3
-6
-7
-8
-9
-11
-16
-17
-17
-19
-19
-20
-20
-21
-22
-22
-29
-38
-40
-42
-45
-50
-51
-51
-52
-52
-54
-55
-57
-58
-60
-64
-65
-66
-73
-74
-85
-88
-89
-93
-93
-94
-94
-97
-101
-102
-103
-103
-103
-108
-108
-109
-111
-112
-113
-117
-118
-118
-119
-122
-129
-131
-135
-137
-137
-138
-139
-142
-147
-148
-149
-150
-151
-153
-153
-155
-155
-155
-159
-159
-161
-162
-163
-167
-169
-170
-171
-173
-173
-174
-175
-176
-176
-177
-177
-179
-182
-188
-189
-192
-196
-196
-199
-202
-206
-211
-212
-214
-214
-216
-216
-216
-218
-218
-218
-226
-232
-234
-234
-235
-237
-237
-239
-239
-240
-240
-241
-252
-253
-253
-254
-256
-261
-261
-262
-266
-271
-280
-283
-284
-284
-285
-285
-292
-294
-294
-298
-304
-304
-312
-312
-313
-314
-319
-324
-324
-327
-328
-329
-330
-331
-334
-334
-336
-336
-340
-342
-346
-347
-349
-349
-350
-356
-356
-356
-360
-363
-364
-365
-366
-372
-375
-376
-379
-380
-381
-381
-385
-388
-390
-392
-392
-396
-396
-396
-397
-398
-398
-400
-401
-403
-404
-406
-411
-412
-413
-415
-418
-422
-422
-425
-425
-425
-426
-427
-429
-431
-432
-432
-437
-437
-437
-438
-438
-439
-443
-443
-444
-444
-445
-448
-451
-452
-452
-455
-458
-462
-474
-476
-479
-482
-484
-485
-486
-486
-486
-487
-491
-491
-494
-494
-495
-496
-497
-498
-498
-500
-500
-500
-502
-502
-504
-504
-508
-509
-510
-511
-512
-515
-516
-517
-521
-523
-529
-531
-533
-536
-537
-540
-540
-541
-542
-551
-556
-556
-558
-561
-562
-563
-565
-569
-569
-570
-574
-576
-579
-581
-582
-584
-584
-588
-592
-593
-599
-599
-600
-602
-603
-608
-608
-611
-612
-618
-619
-619
-626
-626
-628
-629
-631
-632
-633
-637
-637
-641
-643
-643
-643
-644
-646
-647
-647
-649
-652
-652
-654
-656
-656
-658
-661
-666
-666
-668
-670
-670
-671
-673
-673
-673
-674
-675
-676
-679
-686
-688
-690
-692
-700
-702
-708
-709
-712
-714
-715
-720
-721
-722
-723
-723
-723
-728
-729
-730
-732
-733
-736
-736
-737
-739
-741
-742
-744
-746
-751
-752
-752
-753
-755
-757
-757
-760
-763
-765
-766
-767
-767
-769
-773
-777
-779
-779
-780
-781
-785
-790
-794
-794
-795
-797
-797
-798
-799
-800
-802
-803
-803
-803
-805
-806
-809
-812
-812
-814
-823
-824
-824
-826
-827
-827
-830
-832
-833
-833
-835
-842
-844
-844
-845
-847
-848
-854
-865
-872
-872
-873
-877
-877
-879
-881
-882
-885
-891
-892
-894
-894
-896
-896
-896
-897
-900
-900
-900
-901
-904
-906
-915
-916
-916
-917
-918
-920
-922
-923
-926
-928
-931
-936
-941
-942
-944
-947
-948
-949
-951
-954
-957
-965
-965
-966
-968
-970
-972
-975
-976
-976
-978
-981
-988
-989
-990
-990
-992
-993
-995
-998
-999
