174146
80579
-9998
-9995
-9992
-9992
-9988
-9987
-9987
-9985
-9982
-9976
-9974
-9972
-9970
-9965
-9965
-9964
-9964
-9961
-9960
-9960
-9956
-9953
-9953
-9952
-9949
-9948
-9946
-9943
-9940
-9940
-9940
-9938
-9938
-9935
-9934
-9934
-9933
-9931
-9928
-9928
-9916
-9914
-9914
-9911
-9910
-9910
-9910
-9909
-9905
-9903
-9898
-9897
-9891
-9888
-9884
-9880
-9878
-9878
-9876
-9873
-9871
-9867
-9866
-9865
-9864
-9864
-9863
-9861
-9855
-9852
-9851
-9846
-9842
-9840
-9838
-9837
-9836
-9832
-9830
-9828
-9828
-9827
-9824
-9822
-9822
-9821
-9821
-9821
-9820
-9816
-9813
-9811
-9806
-9806
-9804
-9803
-9803
-9802
-9802
-9801
-9798
-9796
-9795
-9794
-9791
-9789
-9787
-9786
-9784
-9783
-9782
-9781
-9779
-9778
-9776
-9774
-9773
-9773
-9772
-9766
-9763
-9761
-9759
-9759
-9758
-9757
-9754
-9753
-9753
-9749
-9744
-9743
-9740
-9739
-9733
-9733
-9732
-9732
-9727
-9720
-9714
-9714
-9712
-9712
-9712
-9709
-9706
-9705
-9702
-9697
-9695
-9695
-9693
-9691
-9688
-9684
-9682
-9678
-9672
-9671
-9671
-9670
-9667
-9666
-9666
-9665
-9665
-9663
-9662
-9662
-9659
-9656
-9655
-9655
-9653
-9650
-9648
-9647
-9647
-9646
-9645
-9643
-9641
-9639
-9639
-9636
-9633
-9632
-9627
-9625
-9624
-9623
-9620
-9619
-9618
-9616
-9612
-9607
-9607
-9606
-9602
-9601
-9593
-9593
-9592
-9590
-9590
-9588
-9585
-9584
-9584
-9583
-9582
-9581
-9581
-9580
-9579
-9575
-9574
-9574
-9572
-9570
-9569
-9567
-9565
-9565
-9564
-9564
-9562
-9560
-9557
-9555
-9555
-9554
-9553
-9551
-9550
-9549
-9548
-9545
-9543
-9541
-9539
-9539
-9537
-9535
-9534
-9534
-9533
-9533
-9531
-9530
-9530
-9528
-9528
-9526
-9525
-9524
-9524
-9522
-9520
-9520
-9517
-9513
-9512
-9510
-9509
-9504
-9500
-9498
-9497
-9497
-9497
-9495
-9491
-9485
-9483
-9481
-9481
-9481
-9479
-9473
-9467
-9467
-9465
-9465
-9462
-9459
-9455
-9455
-9455
-9454
-9454
-9450
-9448
-9447
-9447
-9445
-9445
-9439
-9439
-9439
-9438
-9437
-9436
-9436
-9434
-9432
-9430
-9422
-9421
-9416
-9412
-9409
-9405
-9404
-9402
-9401
-9397
-9397
-9393
-9389
-9387
-9385
-9385
-9378
-9375
-9375
-9374
-9374
-9371
-9369
-9368
-9368
-9367
-9365
-9363
-9361
-9359
-9358
-9357
-9355
-9355
-9351
-9350
-9348
-9345
-9340
-9339
-9339
-9336
-9335
-9335
-9333
-9328
-9327
-9327
-9324
-9322
-9321
-9321
-9321
-9318
-9317
-9315
-9313
-9312
-9311
-9310
-9306
-9306
-9301
-9300
-9300
-9296
-9296
-9293
-9291
-9290
-9287
-9283
-9280
-9279
-9274
-9271
-9271
-9271
-9268
-9261
-9260
-9258
-9257
-9257
-9255
-9254
-9251
-9251
-9251
-9250
-9250
-9248
-9247
-9242
-9239
-9238
-9236
-9234
-9233
-9232
-9231
-9224
-9222
-9218
-9217
-9217
-9216
-9215
-9214
-9212
-9209
-9208
-9207
-9195
-9193
-9192
-9190
-9188
-9187
-9185
-9184
-9184
-9183
-9181
-9181
-9181
-9178
-9176
-9173
-9173
-9172
-9171
-9169
-9167
-9163
-9157
-9156
-9155
-9148
-9148
-9147
-9145
-9144
-9144
-9141
-9141
-9141
-9139
-9136
-9133
-9132
-9132
-9131
-9125
-9124
-9122
-9117
-9116
-9115
-9112
-9109
-9109
-9109
-9108
-9107
-9104
-9104
-9103
-9103
-9101
-9097
-9092
-9089
-9087
-9079
-9078
-9076
-9075
-9073
-9073
-9073
-9069
-9064
-9064
-9061
-9061
-9054
-9053
-9050
-9049
-9043
-9042
-9039
-9039
-9038
-9035
-9034
-9031
-9030
-9027
-9026
-9023
-9022
-9022
-9022
-9021
-9018
-9017
-9015
-9010
-9009
-9009
-9007
-9003
-9002
-8998
-8998
-8996
-8995
-8994
-8993
-8987
-8980
-8977
-8975
-8974
-8972
-8969
-8969
-8968
-8961
-8957
-8956
-8954
-8953
-8952
-8949
-8949
-8947
-8945
-8942
-8937
-8936
-8936
-8935
-8934
-8934
-8933
-8932
-8931
-8929
-8928
-8928
-8926
-8920
-8920
-8914
-8914
-8910
-8909
-8908
-8908
-8908
-8907
-8906
-8904
-8904
-8903
-8899
-8899
-8897
-8889
-8877
-8877
-8873
-8872
-8871
-8868
-8867
-8867
-8862
-8859
-8855
-8854
-8853
-8852
-8851
-8846
-8845
-8842
-8841
-8841
-8838
-8838
-8836
-8835
-8834
-8834
-8832
-8831
-8830
-8822
-8821
-8820
-8820
-8816
-8815
-8814
-8811
-8810
-8805
-8805
-8803
-8803
-8802
-8801
-8800
-8797
-8795
-8790
-8789
-8788
-8788
-8787
-8787
-8786
-8784
-8783
-8782
-8782
-8780
-8779
-8774
-8773
-8773
-8772
-8772
-8771
-8765
-8759
-8759
-8754
-8753
-8752
-8751
-8749
-8745
-8743
-8742
-8738
-8738
-8737
-8735
-8732
-8726
-8726
-8725
-8725
-8724
-8721
-8717
-8716
-8716
-8710
-8705
-8702
-8700
-8694
-8693
-8693
-8693
-8692
-8690
-8688
-8688
-8688
-8683
-8682
-8678
-8677
-8676
-8674
-8670
-8670
-8668
-8667
-8667
-8666
-8665
-8664
-8664
-8661
-8660
-8654
-8650
-8648
-8646
-8643
-8640
-8639
-8637
-8633
-8632
-8632
-8629
-8625
-8625
-8624
-8624
-8615
-8612
-8611
-8609
-8603
-8603
-8600
-8600
-8598
-8592
-8587
-8585
-8584
-8583
-8580
-8580
-8574
-8572
-8570
-8570
-8569
-8563
-8563
-8560
-8558
-8558
-8558
-8555
-8555
-8551
-8550
-8549
-8546
-8545
-8540
-8539
-8534
-8528
-8527
-8527
-8526
-8525
-8516
-8515
-8514
-8513
-8511
-8510
-8502
-8501
-8500
-8500
-8496
-8494
-8493
-8493
-8488
-8486
-8482
-8480
-8476
-8474
-8470
-8465
-8456
-8448
-8448
-8444
-8444
-8439
-8438
-8436
-8432
-8431
-8429
-8426
-8425
-8424
-8420
-8419
-8415
-8414
-8412
-8407
-8407
-8402
-8399
-8398
-8395
-8395
-8392
-8391
-8390
-8388
-8387
-8383
-8381
-8377
-8377
-8375
-8375
-8374
-8373
-8367
-8366
-8364
-8363
-8362
-8361
-8358
-8358
-8357
-8356
-8352
-8351
-8350
-8349
-8349
-8347
-8346
-8345
-8340
-8340
-8338
-8337
-8334
-8333
-8331
-8330
-8329
-8329
-8327
-8326
-8320
-8317
-8314
-8307
-8301
-8294
-8294
-8293
-8288
-8288
-8288
-8286
-8286
-8280
-8279
-8278
-8274
-8273
-8273
-8270
-8266
-8265
-8265
-8263
-8262
-8262
-8260
-8257
-8255
-8251
-8249
-8248
-8248
-8245
-8244
-8243
-8242
-8242
-8241
-8241
-8239
-8239
-8235
-8232
-8232
-8230
-8230
-8230
-8228
-8227
-8227
-8227
-8227
-8227
-8225
-8223
-8217
-8216
-8214
-8213
-8213
-8206
-8202
-8202
-8192
-8191
-8187
-8187
-8186
-8185
-8184
-8184
-8184
-8181
-8180
-8179
-8176
-8175
-8175
-8172
-8166
-8165
-8159
-8159
-8157
-8155
-8155
-8151
-8149
-8143
-8139
-8131
-8129
-8128
-8125
-8125
-8121
-8121
-8116
-8115
-8114
-8111
-8111
-8108
-8107
-8107
-8106
-8103
-8103
-8102
-8102
-8101
-8100
-8100
-8099
-8099
-8094
-8090
-8087
-8083
-8079
-8079
-8078
-8072
-8071
-8071
-8071
-8067
-8066
-8064
-8064
-8062
-8062
-8062
-8062
-8051
-8049
-8049
-8047
-8047
-8047
-8045
-8045
-8041
-8041
-8039
-8035
-8033
-8032
-8026
-8024
-8022
-8022
-8021
-8020
-8018
-8018
-8017
-8014
-8012
-8012
-8010
-8008
-8008
-8007
-8006
-8005
-8002
-7997
-7995
-7995
-7995
-7995
-7995
-7993
-7991
-7991
-7989
-7986
-7977
-7975
-7971
-7969
-7967
-7965
-7965
-7964
-7962
-7960
-7957
-7957
-7956
-7955
-7953
-7945
-7944
-7937
-7933
-7932
-7931
-7931
-7928
-7924
-7917
-7915
-7911
-7911
-7903
-7902
-7902
-7901
-7900
-7898
-7897
-7895
-7894
-7891
-7890
-7890
-7889
-7888
-7885
-7884
-7883
-7882
-7881
-7879
-7868
-7864
-7864
-7858
-7856
-7848
-7848
-7848
-7847
-7844
-7844
-7842
-7841
-7839
-7838
-7838
-7837
-7834
-7833
-7832
-7830
-7828
-7828
-7828
-7825
-7823
-7820
-7819
-7815
-7814
-7813
-7811
-7809
-7809
-7808
-7808
-7803
-7799
-7798
-7797
-7794
-7793
-7793
-7792
-7792
-7792
-7786
-7785
-7784
-7782
-7781
-7779
-7779
-7779
-7779
-7779
-7778
-7778
-7777
-7774
-7770
-7766
-7765
-7764
-7763
-7762
-7762
-7757
-7756
-7756
-7755
-7754
-7751
-7749
-7746
-7743
-7739
-7738
-7735
-7731
-7730
-7726
-7726
-7722
-7719
-7717
-7708
-7697
-7697
-7695
-7695
-7691
-7685
-7680
-7680
-7679
-7676
-7675
-7671
-7669
-7668
-7663
-7662
-7661
-7659
-7657
-7657
-7657
-7652
-7651
-7646
-7643
-7641
-7640
-7639
-7634
-7633
-7630
-7630
-7629
-7628
-7625
-7625
-7624
-7621
-7617
-7617
-7616
-7616
-7615
-7612
-7611
-7607
-7600
-7596
-7596
-7593
-7590
-7588
-7588
-7583
-7582
-7581
-7580
-7580
-7578
-7576
-7572
-7568
-7567
-7566
-7565
-7561
-7561
-7558
-7557
-7556
-7554
-7545
-7545
-7544
-7543
-7542
-7538
-7537
-7535
-7530
-7530
-7528
-7528
-7522
-7522
-7521
-7519
-7519
-7519
-7517
-7517
-7514
-7514
-7513
-7509
-7508
-7507
-7506
-7506
-7506
-7502
-7501
-7499
-7492
-7492
-7490
-7489
-7483
-7480
-7474
-7472
-7470
-7469
-7462
-7460
-7460
-7459
-7451
-7450
-7448
-7447
-7446
-7445
-7443
-7440
-7438
-7438
-7436
-7433
-7432
-7429
-7424
-7423
-7423
-7420
-7420
-7413
-7411
-7411
-7410
-7410
-7404
-7403
-7402
-7400
-7400
-7398
-7397
-7394
-7391
-7390
-7388
-7387
-7375
-7374
-7374
-7372
-7365
-7361
-7360
-7358
-7354
-7354
-7351
-7351
-7348
-7341
-7340
-7339
-7338
-7338
-7338
-7333
-7332
-7332
-7331
-7329
-7319
-7318
-7318
-7316
-7314
-7313
-7312
-7311
-7308
-7300
-7296
-7291
-7290
-7286
-7284
-7284
-7284
-7284
-7282
-7281
-7278
-7278
-7277
-7276
-7276
-7275
-7274
-7274
-7269
-7269
-7268
-7267
-7264
-7263
-7263
-7262
-7260
-7255
-7254
-7253
-7253
-7252
-7252
-7249
-7246
-7245
-7244
-7236
-7234
-7232
-7229
-7228
-7227
-7226
-7222
-7219
-7217
-7215
-7214
-7214
-7213
-7211
-7209
-7208
-7207
-7206
-7202
-7201
-7195
-7188
-7186
-7185
-7184
-7179
-7179
-7177
-7177
-7175
-7174
-7172
-7171
-7171
-7170
-7168
-7167
-7167
-7166
-7165
-7158
-7156
-7147
-7147
-7144
-7144
-7141
-7140
-7135
-7130
-7129
-7124
-7123
-7121
-7121
-7119
-7117
-7117
-7117
-7116
-7112
-7110
-7108
-7108
-7108
-7107
-7105
-7105
-7105
-7103
-7102
-7101
-7101
-7100
-7099
-7098
-7092
-7091
-7089
-7086
-7085
-7084
-7084
-7080
-7078
-7078
-7077
-7077
-7077
-7076
-7075
-7073
-7071
-7070
-7069
-7067
-7067
-7065
-7064
-7063
-7063
-7060
-7059
-7058
-7057
-7056
-7056
-7055
-7054
-7052
-7051
-7050
-7040
-7040
-7038
-7035
-7034
-7032
-7030
-7029
-7029
-7028
-7025
-7024
-7024
-7021
-7020
-7018
-7018
-7015
-7012
-7011
-7010
-7010
-7008
-7008
-7008
-7007
-7006
-6999
-6999
-6997
-6994
-6993
-6991
-6989
-6986
-6982
-6981
-6979
-6977
-6976
-6976
-6974
-6970
-6970
-6970
-6969
-6965
-6964
-6959
-6957
-6956
-6956
-6954
-6952
-6951
-6951
-6950
-6949
-6947
-6946
-6945
-6943
-6940
-6938
-6937
-6936
-6935
-6933
-6931
-6930
-6929
-6928
-6924
-6922
-6920
-6919
-6917
-6914
-6913
-6911
-6910
-6909
-6909
-6908
-6907
-6893
-6890
-6887
-6886
-6886
-6880
-6879
-6878
-6874
-6873
-6871
-6870
-6869
-6867
-6866
-6861
-6858
-6856
-6855
-6853
-6853
-6851
-6849
-6848
-6846
-6844
-6842
-6841
-6841
-6836
-6835
-6834
-6824
-6824
-6821
-6820
-6813
-6813
-6808
-6808
-6807
-6804
-6804
-6801
-6800
-6799
-6792
-6791
-6791
-6790
-6788
-6787
-6785
-6784
-6783
-6778
-6778
-6769
-6768
-6764
-6764
-6760
-6759
-6757
-6756
-6755
-6754
-6752
-6746
-6743
-6740
-6739
-6733
-6732
-6732
-6730
-6728
-6728
-6724
-6724
-6724
-6721
-6718
-6717
-6716
-6715
-6712
-6710
-6708
-6708
-6706
-6706
-6699
-6694
-6693
-6692
-6691
-6690
-6681
-6679
-6672
-6671
-6667
-6666
-6661
-6660
-6656
-6654
-6653
-6649
-6645
-6644
-6644
-6636
-6635
-6635
-6632
-6630
-6627
-6627
-6627
-6626
-6625
-6620
-6619
-6618
-6618
-6616
-6614
-6610
-6608
-6603
-6599
-6599
-6598
-6595
-6594
-6591
-6590
-6590
-6588
-6583
-6582
-6581
-6580
-6580
-6578
-6569
-6567
-6564
-6563
-6555
-6553
-6553
-6550
-6550
-6547
-6541
-6538
-6537
-6536
-6534
-6532
-6530
-6527
-6527
-6520
-6518
-6517
-6517
-6516
-6514
-6512
-6510
-6510
-6509
-6506
-6506
-6505
-6505
-6501
-6499
-6499
-6493
-6490
-6490
-6486
-6483
-6482
-6481
-6481
-6481
-6479
-6479
-6478
-6476
-6475
-6475
-6475
-6468
-6453
-6452
-6450
-6450
-6449
-6447
-6446
-6443
-6439
-6438
-6437
-6435
-6431
-6430
-6429
-6424
-6422
-6420
-6420
-6417
-6414
-6412
-6410
-6408
-6408
-6406
-6406
-6405
-6398
-6395
-6392
-6385
-6383
-6382
-6381
-6379
-6377
-6374
-6371
-6369
-6364
-6364
-6359
-6359
-6357
-6354
-6353
-6351
-6346
-6342
-6340
-6339
-6337
-6336
-6334
-6333
-6333
-6331
-6328
-6326
-6326
-6323
-6323
-6322
-6321
-6321
-6319
-6319
-6319
-6318
-6308
-6308
-6306
-6305
-6297
-6296
-6294
-6292
-6290
-6286
-6283
-6281
-6280
-6276
-6274
-6271
-6268
-6267
-6266
-6263
-6262
-6262
-6262
-6258
-6257
-6257
-6254
-6253
-6250
-6249
-6249
-6247
-6244
-6237
-6235
-6229
-6229
-6224
-6222
-6221
-6220
-6218
-6217
-6216
-6212
-6212
-6210
-6208
-6207
-6207
-6206
-6203
-6201
-6200
-6196
-6196
-6193
-6190
-6189
-6185
-6185
-6183
-6182
-6177
-6177
-6177
-6177
-6175
-6175
-6173
-6173
-6169
-6166
-6166
-6165
-6165
-6164
-6161
-6159
-6156
-6153
-6153
-6153
-6147
-6146
-6145
-6145
-6144
-6142
-6141
-6140
-6136
-6135
-6134
-6134
-6132
-6131
-6123
-6123
-6118
-6117
-6116
-6115
-6115
-6115
-6114
-6114
-6113
-6113
-6109
-6109
-6109
-6108
-6102
-6101
-6101
-6099
-6097
-6097
-6096
-6094
-6088
-6086
-6081
-6080
-6078
-6078
-6076
-6075
-6075
-6074
-6069
-6068
-6066
-6066
-6065
-6065
-6064
-6055
-6054
-6052
-6048
-6047
-6046
-6044
-6042
-6038
-6036
-6035
-6031
-6023
-6015
-6011
-6011
-6011
-6010
-6002
-5994
-5991
-5985
-5984
-5983
-5982
-5980
-5978
-5968
-5967
-5963
-5962
-5960
-5957
-5955
-5950
-5950
-5946
-5945
-5941
-5938
-5931
-5930
-5929
-5928
-5926
-5925
-5924
-5924
-5923
-5923
-5921
-5916
-5914
-5913
-5913
-5912
-5909
-5907
-5904
-5903
-5902
-5900
-5900
-5897
-5892
-5891
-5891
-5890
-5889
-5889
-5888
-5882
-5882
-5879
-5877
-5875
-5874
-5874
-5872
-5871
-5866
-5860
-5857
-5851
-5850
-5848
-5846
-5844
-5841
-5841
-5836
-5836
-5836
-5835
-5832
-5830
-5829
-5827
-5826
-5826
-5826
-5825
-5822
-5822
-5820
-5815
-5815
-5813
-5811
-5810
-5808
-5807
-5805
-5804
-5800
-5798
-5797
-5795
-5792
-5790
-5789
-5787
-5784
-5783
-5783
-5782
-5781
-5776
-5775
-5773
-5771
-5770
-5766
-5766
-5765
-5764
-5764
-5759
-5758
-5755
-5754
-5753
-5750
-5745
-5740
-5740
-5738
-5737
-5736
-5734
-5731
-5730
-5730
-5730
-5730
-5728
-5728
-5728
-5723
-5722
-5722
-5721
-5718
-5714
-5713
-5709
-5708
-5705
-5702
-5701
-5700
-5700
-5699
-5695
-5694
-5692
-5687
-5683
-5682
-5681
-5680
-5677
-5672
-5670
-5669
-5669
-5668
-5667
-5667
-5667
-5662
-5662
-5662
-5660
-5660
-5659
-5656
-5655
-5654
-5652
-5651
-5649
-5648
-5646
-5645
-5644
-5644
-5640
-5637
-5636
-5633
-5633
-5633
-5631
-5628
-5627
-5625
-5623
-5617
-5615
-5612
-5611
-5607
-5607
-5606
-5605
-5605
-5603
-5596
-5592
-5589
-5588
-5587
-5583
-5583
-5582
-5582
-5581
-5580
-5571
-5569
-5569
-5568
-5558
-5556
-5554
-5553
-5551
-5550
-5549
-5545
-5542
-5539
-5537
-5536
-5530
-5528
-5528
-5526
-5524
-5522
-5521
-5520
-5520
-5518
-5518
-5515
-5510
-5509
-5504
-5504
-5503
-5499
-5497
-5497
-5495
-5495
-5494
-5493
-5493
-5490
-5490
-5489
-5488
-5487
-5486
-5477
-5473
-5472
-5467
-5467
-5467
-5465
-5461
-5459
-5458
-5457
-5457
-5456
-5455
-5453
-5451
-5450
-5449
-5448
-5447
-5446
-5446
-5442
-5442
-5436
-5436
-5436
-5436
-5435
-5434
-5431
-5429
-5428
-5427
-5418
-5414
-5412
-5411
-5410
-5410
-5409
-5408
-5404
-5404
-5402
-5399
-5394
-5388
-5383
-5378
-5376
-5374
-5372
-5372
-5366
-5358
-5358
-5357
-5356
-5356
-5351
-5351
-5349
-5345
-5345
-5343
-5343
-5342
-5340
-5340
-5338
-5334
-5333
-5332
-5329
-5328
-5323
-5322
-5314
-5311
-5311
-5304
-5302
-5299
-5299
-5297
-5296
-5293
-5292
-5291
-5287
-5284
-5281
-5280
-5277
-5277
-5277
-5277
-5276
-5272
-5270
-5269
-5268
-5267
-5266
-5266
-5265
-5262
-5260
-5258
-5257
-5256
-5256
-5255
-5253
-5251
-5250
-5246
-5246
-5243
-5237
-5237
-5237
-5235
-5234
-5232
-5232
-5232
-5231
-5229
-5228
-5228
-5226
-5225
-5225
-5224
-5221
-5218
-5216
-5214
-5213
-5212
-5205
-5201
-5198
-5198
-5196
-5194
-5192
-5190
-5188
-5186
-5185
-5185
-5185
-5184
-5183
-5179
-5179
-5178
-5175
-5173
-5162
-5157
-5154
-5151
-5150
-5150
-5150
-5150
-5149
-5148
-5148
-5144
-5144
-5142
-5140
-5136
-5132
-5132
-5127
-5126
-5124
-5121
-5121
-5120
-5116
-5111
-5104
-5102
-5097
-5095
-5094
-5094
-5092
-5092
-5087
-5087
-5084
-5081
-5075
-5075
-5074
-5074
-5073
-5066
-5060
-5055
-5053
-5052
-5050
-5049
-5048
-5048
-5047
-5047
-5047
-5045
-5040
-5036
-5035
-5033
-5032
-5031
-5027
-5027
-5026
-5025
-5023
-5022
-5021
-5019
-5017
-5014
-5010
-5005
-5005
-5004
-5004
-5001
-4999
-4995
-4993
-4991
-4988
-4986
-4983
-4980
-4980
-4976
-4975
-4975
-4974
-4971
-4967
-4967
-4967
-4966
-4964
-4961
-4958
-4958
-4957
-4957
-4957
-4952
-4951
-4951
-4949
-4948
-4946
-4945
-4944
-4942
-4939
-4934
-4933
-4931
-4929
-4928
-4921
-4921
-4920
-4917
-4917
-4915
-4914
-4914
-4912
-4911
-4910
-4909
-4907
-4906
-4904
-4904
-4897
-4897
-4896
-4895
-4893
-4893
-4891
-4891
-4891
-4891
-4890
-4889
-4887
-4885
-4884
-4881
-4879
-4878
-4878
-4875
-4874
-4871
-4870
-4870
-4868
-4867
-4864
-4863
-4859
-4858
-4858
-4854
-4849
-4848
-4848
-4848
-4848
-4848
-4844
-4842
-4841
-4838
-4837
-4836
-4834
-4833
-4832
-4832
-4831
-4830
-4829
-4827
-4825
-4817
-4814
-4813
-4810
-4808
-4807
-4805
-4800
-4797
-4797
-4795
-4794
-4791
-4787
-4787
-4786
-4786
-4785
-4785
-4784
-4784
-4783
-4780
-4780
-4780
-4776
-4775
-4760
-4759
-4759
-4756
-4756
-4755
-4753
-4746
-4746
-4740
-4736
-4736
-4736
-4733
-4729
-4728
-4727
-4725
-4721
-4717
-4714
-4713
-4707
-4705
-4704
-4701
-4697
-4697
-4694
-4690
-4690
-4688
-4687
-4685
-4683
-4681
-4680
-4679
-4679
-4678
-4676
-4675
-4672
-4670
-4668
-4668
-4668
-4667
-4665
-4660
-4658
-4657
-4656
-4656
-4654
-4653
-4653
-4653
-4651
-4647
-4647
-4642
-4641
-4638
-4637
-4636
-4632
-4627
-4626
-4623
-4620
-4619
-4618
-4618
-4615
-4614
-4612
-4608
-4607
-4602
-4599
-4596
-4592
-4590
-4590
-4589
-4588
-4583
-4583
-4579
-4578
-4576
-4574
-4573
-4573
-4571
-4567
-4567
-4564
-4564
-4564
-4563
-4563
-4562
-4556
-4556
-4552
-4549
-4549
-4548
-4547
-4546
-4542
-4541
-4541
-4537
-4536
-4535
-4532
-4527
-4527
-4524
-4524
-4521
-4520
-4513
-4510
-4509
-4509
-4503
-4502
-4500
-4499
-4499
-4498
-4494
-4491
-4485
-4485
-4484
-4483
-4482
-4481
-4481
-4476
-4475
-4475
-4471
-4469
-4469
-4468
-4466
-4463
-4460
-4456
-4456
-4456
-4454
-4454
-4454
-4451
-4448
-4445
-4443
-4440
-4440
-4439
-4436
-4430
-4426
-4424
-4421
-4419
-4418
-4417
-4414
-4414
-4407
-4405
-4404
-4400
-4400
-4399
-4396
-4396
-4394
-4390
-4385
-4384
-4379
-4379
-4378
-4377
-4373
-4370
-4370
-4370
-4369
-4364
-4362
-4362
-4358
-4357
-4357
-4355
-4353
-4350
-4350
-4342
-4342
-4341
-4340
-4338
-4336
-4332
-4332
-4327
-4326
-4320
-4316
-4315
-4315
-4314
-4311
-4311
-4310
-4300
-4300
-4298
-4296
-4296
-4293
-4292
-4287
-4287
-4287
-4284
-4284
-4282
-4277
-4276
-4276
-4274
-4271
-4268
-4268
-4267
-4267
-4259
-4259
-4255
-4255
-4255
-4253
-4253
-4251
-4250
-4248
-4246
-4245
-4240
-4239
-4238
-4234
-4233
-4231
-4231
-4231
-4226
-4224
-4224
-4223
-4223
-4219
-4217
-4214
-4213
-4211
-4209
-4208
-4206
-4205
-4205
-4203
-4198
-4196
-4196
-4195
-4193
-4184
-4184
-4184
-4183
-4178
-4177
-4176
-4175
-4172
-4171
-4169
-4169
-4168
-4166
-4166
-4165
-4165
-4163
-4162
-4157
-4156
-4154
-4154
-4153
-4152
-4152
-4151
-4149
-4148
-4145
-4142
-4142
-4135
-4135
-4133
-4132
-4130
-4127
-4126
-4126
-4124
-4120
-4119
-4118
-4118
-4116
-4112
-4110
-4109
-4109
-4106
-4103
-4100
-4100
-4099
-4098
-4096
-4095
-4089
-4088
-4086
-4086
-4085
-4083
-4082
-4082
-4078
-4075
-4074
-4074
-4073
-4071
-4069
-4062
-4062
-4060
-4059
-4057
-4053
-4052
-4048
-4043
-4038
-4038
-4035
-4033
-4033
-4033
-4032
-4028
-4026
-4026
-4023
-4023
-4021
-4016
-4015
-4015
-4012
-4011
-4005
-4001
-3996
-3995
-3995
-3994
-3992
-3987
-3986
-3985
-3985
-3984
-3984
-3979
-3978
-3978
-3970
-3967
-3967
-3966
-3963
-3955
-3955
-3951
-3947
-3945
-3940
-3935
-3934
-3934
-3933
-3930
-3926
-3925
-3914
-3908
-3907
-3901
-3901
-3895
-3894
-3891
-3890
-3889
-3886
-3886
-3883
-3882
-3882
-3880
-3879
-3877
-3875
-3872
-3871
-3869
-3866
-3863
-3854
-3854
-3850
-3849
-3848
-3844
-3843
-3840
-3836
-3835
-3833
-3831
-3829
-3828
-3823
-3821
-3818
-3817
-3817
-3815
-3813
-3810
-3809
-3809
-3809
-3805
-3802
-3799
-3796
-3793
-3791
-3790
-3788
-3787
-3785
-3784
-3783
-3778
-3777
-3776
-3775
-3775
-3774
-3774
-3771
-3770
-3769
-3766
-3763
-3761
-3760
-3760
-3759
-3758
-3753
-3745
-3744
-3743
-3739
-3739
-3739
-3738
-3738
-3737
-3736
-3736
-3735
-3733
-3733
-3732
-3731
-3725
-3723
-3722
-3720
-3718
-3709
-3709
-3708
-3697
-3697
-3692
-3690
-3689
-3687
-3687
-3687
-3686
-3681
-3680
-3680
-3679
-3679
-3678
-3676
-3676
-3675
-3671
-3670
-3667
-3665
-3664
-3663
-3663
-3662
-3658
-3656
-3655
-3653
-3652
-3650
-3646
-3645
-3642
-3642
-3641
-3639
-3638
-3638
-3624
-3622
-3621
-3621
-3619
-3619
-3618
-3618
-3615
-3613
-3611
-3610
-3606
-3606
-3605
-3604
-3593
-3588
-3583
-3583
-3582
-3580
-3577
-3572
-3572
-3571
-3569
-3569
-3567
-3566
-3566
-3565
-3563
-3561
-3560
-3554
-3551
-3545
-3543
-3543
-3538
-3538
-3537
-3535
-3534
-3533
-3531
-3527
-3527
-3525
-3524
-3523
-3523
-3523
-3521
-3516
-3512
-3509
-3506
-3505
-3504
-3503
-3502
-3500
-3498
-3485
-3479
-3477
-3470
-3469
-3468
-3467
-3466
-3462
-3462
-3461
-3459
-3458
-3458
-3458
-3457
-3456
-3448
-3447
-3442
-3442
-3441
-3441
-3440
-3438
-3438
-3432
-3432
-3432
-3430
-3428
-3427
-3422
-3422
-3420
-3417
-3415
-3409
-3407
-3401
-3400
-3397
-3395
-3395
-3393
-3393
-3393
-3390
-3390
-3389
-3388
-3379
-3378
-3374
-3372
-3371
-3369
-3368
-3365
-3364
-3363
-3361
-3359
-3355
-3353
-3349
-3344
-3342
-3340
-3335
-3334
-3333
-3331
-3331
-3327
-3326
-3321
-3318
-3317
-3308
-3308
-3308
-3307
-3306
-3303
-3302
-3300
-3298
-3294
-3293
-3292
-3284
-3282
-3279
-3277
-3275
-3275
-3274
-3274
-3273
-3271
-3266
-3265
-3258
-3257
-3252
-3250
-3250
-3248
-3247
-3246
-3243
-3243
-3243
-3243
-3242
-3240
-3240
-3238
-3234
-3231
-3231
-3228
-3228
-3226
-3226
-3222
-3218
-3215
-3208
-3206
-3205
-3202
-3201
-3196
-3193
-3191
-3189
-3187
-3185
-3184
-3181
-3179
-3178
-3176
-3175
-3172
-3169
-3166
-3163
-3161
-3160
-3153
-3147
-3146
-3146
-3145
-3144
-3142
-3142
-3141
-3139
-3137
-3136
-3132
-3130
-3126
-3124
-3124
-3119
-3119
-3116
-3115
-3112
-3109
-3106
-3104
-3104
-3101
-3096
-3093
-3086
-3085
-3079
-3078
-3078
-3076
-3075
-3074
-3073
-3066
-3065
-3064
-3064
-3062
-3059
-3058
-3057
-3056
-3053
-3053
-3052
-3051
-3051
-3049
-3048
-3047
-3047
-3046
-3043
-3040
-3036
-3033
-3033
-3032
-3029
-3028
-3024
-3024
-3022
-3021
-3020
-3016
-3014
-3010
-3007
-3006
-3006
-3003
-3002
-2999
-2994
-2992
-2987
-2986
-2983
-2982
-2982
-2978
-2973
-2972
-2972
-2972
-2969
-2969
-2968
-2968
-2967
-2964
-2963
-2963
-2962
-2960
-2959
-2953
-2951
-2950
-2945
-2943
-2941
-2941
-2939
-2935
-2931
-2931
-2931
-2928
-2926
-2925
-2925
-2925
-2922
-2921
-2919
-2916
-2913
-2912
-2906
-2905
-2905
-2903
-2903
-2901
-2900
-2897
-2896
-2894
-2893
-2892
-2888
-2883
-2882
-2879
-2878
-2877
-2874
-2872
-2869
-2868
-2867
-2858
-2856
-2855
-2852
-2850
-2849
-2849
-2841
-2840
-2838
-2837
-2837
-2832
-2827
-2822
-2819
-2819
-2817
-2815
-2813
-2812
-2812
-2810
-2804
-2804
-2804
-2804
-2802
-2801
-2800
-2796
-2795
-2789
-2788
-2787
-2783
-2781
-2777
-2774
-2771
-2770
-2768
-2767
-2766
-2765
-2764
-2760
-2756
-2755
-2749
-2748
-2747
-2738
-2735
-2735
-2734
-2728
-2726
-2726
-2725
-2722
-2721
-2719
-2718
-2717
-2715
-2712
-2710
-2706
-2705
-2705
-2703
-2703
-2702
-2697
-2695
-2693
-2692
-2691
-2690
-2690
-2688
-2681
-2681
-2680
-2679
-2676
-2673
-2671
-2671
-2671
-2667
-2667
-2665
-2664
-2663
-2660
-2655
-2655
-2653
-2653
-2652
-2651
-2649
-2645
-2644
-2642
-2640
-2629
-2628
-2624
-2623
-2622
-2617
-2616
-2610
-2607
-2603
-2603
-2602
-2597
-2596
-2593
-2592
-2585
-2583
-2582
-2581
-2580
-2580
-2579
-2578
-2577
-2576
-2574
-2574
-2573
-2573
-2572
-2572
-2571
-2571
-2565
-2564
-2558
-2558
-2554
-2552
-2552
-2550
-2549
-2546
-2544
-2543
-2542
-2539
-2539
-2536
-2535
-2529
-2529
-2527
-2522
-2519
-2518
-2512
-2510
-2506
-2504
-2504
-2503
-2500
-2498
-2498
-2496
-2496
-2489
-2489
-2487
-2484
-2477
-2471
-2470
-2466
-2462
-2461
-2461
-2456
-2456
-2455
-2450
-2450
-2443
-2439
-2438
-2433
-2433
-2432
-2432
-2432
-2432
-2431
-2428
-2425
-2425
-2424
-2420
-2419
-2415
-2412
-2412
-2409
-2406
-2406
-2404
-2403
-2403
-2402
-2402
-2401
-2401
-2398
-2394
-2394
-2393
-2393
-2392
-2391
-2389
-2387
-2385
-2385
-2383
-2382
-2380
-2379
-2377
-2373
-2373
-2372
-2371
-2370
-2369
-2368
-2363
-2361
-2358
-2357
-2356
-2356
-2355
-2352
-2351
-2348
-2345
-2344
-2340
-2334
-2331
-2330
-2327
-2324
-2324
-2320
-2320
-2320
-2318
-2317
-2316
-2316
-2311
-2311
-2310
-2309
-2309
-2306
-2305
-2302
-2301
-2299
-2299
-2299
-2298
-2298
-2295
-2291
-2290
-2283
-2282
-2281
-2277
-2275
-2275
-2274
-2273
-2273
-2272
-2271
-2270
-2269
-2269
-2260
-2260
-2257
-2257
-2255
-2252
-2248
-2247
-2247
-2246
-2245
-2242
-2241
-2239
-2237
-2236
-2236
-2235
-2235
-2233
-2233
-2230
-2228
-2226
-2226
-2224
-2223
-2219
-2217
-2214
-2211
-2210
-2208
-2206
-2205
-2204
-2204
-2202
-2201
-2198
-2196
-2194
-2192
-2191
-2190
-2189
-2187
-2185
-2184
-2183
-2182
-2181
-2177
-2175
-2173
-2171
-2170
-2168
-2164
-2158
-2154
-2153
-2152
-2148
-2147
-2147
-2146
-2145
-2138
-2137
-2137
-2137
-2135
-2133
-2131
-2129
-2125
-2122
-2121
-2120
-2118
-2115
-2114
-2111
-2107
-2107
-2102
-2100
-2100
-2096
-2096
-2095
-2093
-2092
-2091
-2090
-2088
-2088
-2087
-2087
-2083
-2082
-2081
-2076
-2076
-2074
-2072
-2070
-2070
-2069
-2066
-2064
-2063
-2054
-2051
-2050
-2048
-2048
-2047
-2046
-2045
-2040
-2039
-2039
-2039
-2039
-2036
-2030
-2028
-2027
-2026
-2022
-2022
-2019
-2017
-2017
-2016
-2007
-2006
-2005
-2005
-2002
-2001
-2001
-2000
-1999
-1998
-1995
-1995
-1993
-1991
-1990
-1990
-1989
-1987
-1982
-1979
-1978
-1978
-1977
-1977
-1975
-1975
-1966
-1966
-1964
-1964
-1962
-1960
-1960
-1959
-1958
-1955
-1954
-1953
-1953
-1946
-1946
-1944
-1941
-1941
-1937
-1935
-1927
-1924
-1924
-1915
-1914
-1912
-1912
-1910
-1909
-1907
-1907
-1901
-1901
-1896
-1888
-1886
-1881
-1877
-1870
-1867
-1864
-1862
-1862
-1858
-1858
-1856
-1854
-1853
-1849
-1848
-1846
-1846
-1845
-1843
-1842
-1839
-1836
-1832
-1832
-1828
-1827
-1824
-1824
-1823
-1817
-1816
-1814
-1813
-1811
-1810
-1808
-1806
-1802
-1801
-1800
-1798
-1798
-1798
-1797
-1793
-1790
-1787
-1784
-1783
-1782
-1780
-1780
-1779
-1778
-1772
-1770
-1770
-1766
-1766
-1764
-1759
-1755
-1754
-1751
-1748
-1744
-1743
-1739
-1738
-1738
-1737
-1736
-1734
-1731
-1729
-1727
-1726
-1722
-1718
-1718
-1718
-1717
-1716
-1716
-1713
-1711
-1708
-1707
-1702
-1701
-1699
-1699
-1698
-1697
-1696
-1693
-1689
-1688
-1685
-1684
-1683
-1681
-1680
-1680
-1674
-1666
-1664
-1663
-1663
-1662
-1661
-1657
-1657
-1655
-1653
-1653
-1652
-1649
-1647
-1645
-1645
-1644
-1643
-1642
-1642
-1642
-1638
-1635
-1635
-1634
-1634
-1633
-1630
-1630
-1630
-1630
-1628
-1622
-1622
-1613
-1611
-1610
-1608
-1607
-1606
-1606
-1604
-1603
-1602
-1594
-1589
-1584
-1583
-1580
-1580
-1579
-1578
-1578
-1576
-1573
-1573
-1571
-1568
-1567
-1564
-1561
-1561
-1558
-1554
-1551
-1548
-1548
-1546
-1543
-1542
-1540
-1539
-1537
-1535
-1530
-1528
-1528
-1528
-1528
-1527
-1526
-1526
-1521
-1518
-1516
-1513
-1510
-1509
-1496
-1493
-1493
-1491
-1490
-1489
-1488
-1482
-1482
-1480
-1479
-1477
-1475
-1474
-1473
-1470
-1469
-1467
-1467
-1464
-1461
-1458
-1458
-1454
-1451
-1450
-1449
-1443
-1442
-1440
-1439
-1438
-1438
-1436
-1435
-1434
-1434
-1432
-1430
-1430
-1429
-1429
-1428
-1425
-1425
-1425
-1424
-1421
-1415
-1414
-1414
-1412
-1410
-1405
-1405
-1402
-1397
-1396
-1395
-1395
-1394
-1394
-1393
-1392
-1391
-1389
-1389
-1389
-1387
-1385
-1384
-1376
-1375
-1373
-1371
-1371
-1361
-1359
-1359
-1357
-1355
-1355
-1352
-1351
-1350
-1347
-1347
-1344
-1341
-1337
-1337
-1334
-1334
-1332
-1329
-1329
-1327
-1325
-1324
-1323
-1322
-1318
-1317
-1315
-1313
-1309
-1308
-1306
-1304
-1304
-1299
-1299
-1296
-1295
-1295
-1294
-1294
-1290
-1289
-1288
-1286
-1285
-1284
-1283
-1282
-1280
-1280
-1280
-1278
-1277
-1274
-1272
-1271
-1271
-1271
-1271
-1268
-1267
-1266
-1266
-1262
-1258
-1251
-1249
-1244
-1244
-1243
-1242
-1241
-1240
-1240
-1239
-1238
-1233
-1232
-1232
-1230
-1230
-1229
-1227
-1226
-1225
-1222
-1219
-1217
-1216
-1216
-1215
-1215
-1214
-1213
-1212
-1211
-1209
-1207
-1206
-1204
-1202
-1200
-1198
-1198
-1195
-1192
-1191
-1185
-1183
-1178
-1178
-1177
-1176
-1175
-1173
-1168
-1167
-1166
-1164
-1163
-1162
-1161
-1160
-1160
-1155
-1154
-1152
-1152
-1149
-1149
-1149
-1148
-1148
-1145
-1144
-1142
-1141
-1141
-1138
-1138
-1137
-1136
-1136
-1132
-1129
-1126
-1123
-1122
-1118
-1114
-1113
-1106
-1105
-1103
-1101
-1100
-1098
-1093
-1092
-1092
-1091
-1090
-1090
-1090
-1089
-1088
-1087
-1086
-1085
-1082
-1079
-1079
-1077
-1071
-1070
-1065
-1065
-1065
-1060
-1060
-1059
-1056
-1055
-1054
-1054
-1050
-1049
-1045
-1037
-1034
-1034
-1033
-1033
-1032
-1030
-1030
-1028
-1027
-1022
-1021
-1020
-1019
-1019
-1015
-1012
-1009
-1007
-1006
-1005
-1002
-1002
-1001
-1000
-1000
-999
-999
-998
-997
-992
-990
-990
-989
-989
-989
-987
-985
-985
-984
-982
-980
-978
-978
-975
-974
-972
-971
-969
-956
-954
-953
-948
-945
-944
-941
-938
-938
-935
-934
-934
-930
-929
-927
-927
-926
-925
-924
-924
-923
-923
-922
-920
-918
-916
-912
-910
-908
-906
-905
-904
-904
-904
-903
-901
-892
-888
-886
-885
-880
-874
-873
-872
-868
-866
-865
-862
-861
-858
-857
-857
-853
-853
-850
-847
-847
-846
-846
-845
-845
-842
-839
-836
-834
-830
-830
-828
-824
-823
-818
-816
-815
-814
-812
-811
-811
-805
-804
-803
-797
-797
-796
-794
-794
-793
-791
-789
-787
-784
-783
-780
-777
-775
-773
-772
-770
-768
-765
-765
-764
-762
-761
-757
-755
-754
-750
-749
-749
-746
-744
-744
-738
-737
-735
-733
-730
-729
-728
-727
-725
-725
-725
-723
-722
-716
-713
-711
-705
-700
-697
-692
-691
-690
-690
-689
-679
-679
-677
-677
-675
-675
-670
-665
-662
-662
-661
-661
-660
-659
-658
-654
-648
-648
-647
-645
-642
-639
-638
-636
-628
-624
-619
-618
-616
-615
-614
-613
-613
-612
-611
-608
-603
-601
-601
-600
-597
-595
-594
-594
-593
-593
-591
-587
-583
-581
-580
-576
-574
-573
-573
-572
-571
-571
-569
-569
-569
-566
-565
-562
-559
-558
-557
-553
-549
-545
-544
-541
-537
-536
-536
-535
-533
-530
-529
-521
-517
-515
-509
-508
-507
-505
-499
-495
-492
-488
-484
-483
-477
-475
-470
-469
-466
-464
-464
-463
-462
-460
-459
-455
-451
-451
-448
-444
-441
-440
-438
-436
-429
-428
-425
-425
-424
-423
-420
-417
-416
-416
-416
-414
-414
-414
-413
-413
-413
-412
-407
-405
-404
-403
-402
-401
-399
-392
-391
-391
-390
-389
-388
-387
-385
-381
-381
-381
-378
-377
-376
-373
-372
-358
-354
-350
-349
-346
-345
-344
-344
-344
-340
-339
-339
-338
-334
-333
-331
-329
-326
-326
-325
-324
-324
-322
-321
-320
-319
-319
-319
-319
-315
-315
-310
-310
-307
-306
-303
-302
-299
-298
-296
-295
-293
-293
-293
-290
-283
-281
-278
-275
-274
-273
-272
-272
-272
-270
-268
-262
-261
-261
-260
-259
-259
-258
-258
-256
-255
-253
-252
-252
-251
-249
-248
-247
-246
-241
-233
-230
-228
-227
-222
-213
-209
-208
-202
-198
-196
-195
-193
-190
-189
-189
-186
-185
-182
-176
-174
-173
-171
-169
-167
-166
-162
-162
-160
-158
-156
-154
-151
-150
-149
-149
-148
-147
-146
-146
-145
-144
-143
-141
-139
-138
-138
-138
-134
-131
-128
-122
-122
-121
-120
-119
-118
-117
-113
-112
-111
-106
-105
-102
-101
-99
-97
-95
-94
-93
-91
-91
-81
-77
-75
-75
-74
-73
-70
-69
-69
-68
-68
-66
-56
-54
-51
-49
-48
-45
-44
-40
-39
-34
-34
-34
-32
-31
-28
-26
-26
-25
-23
-21
-21
-19
-18
-17
-16
-15
-11
-11
-5
-4
-4
-3
-2
-1
-1
0
9
10
14
16
17
19
20
21
22
22
26
27
28
28
31
31
33
36
36
39
39
40
40
42
45
47
51
60
63
64
69
75
78
79
82
84
85
89
89
92
95
98
98
101
103
104
106
113
113
121
121
126
133
134
135
137
142
144
150
150
151
154
155
156
156
158
160
164
166
167
168
168
171
173
174
175
177
178
178
179
181
185
186
189
194
197
198
198
198
200
200
200
201
204
205
207
209
209
211
213
214
216
219
220
222
224
225
230
231
232
235
238
238
243
248
249
251
254
255
259
262
265
266
267
267
271
272
273
277
277
278
284
285
289
294
296
297
298
304
307
314
316
316
317
320
326
327
328
328
329
336
338
338
340
345
345
347
348
349
349
350
351
352
352
355
358
359
360
360
362
368
374
378
379
380
381
383
385
386
394
396
396
398
403
407
408
410
414
418
424
426
428
431
431
432
433
434
434
435
437
438
442
442
443
445
445
448
448
449
449
453
455
455
458
458
462
467
468
469
469
471
471
475
476
476
480
481
481
484
484
485
487
491
491
492
494
495
496
499
500
501
502
504
504
507
511
513
523
527
531
532
533
538
540
540
541
542
543
546
547
548
553
555
556
558
558
559
561
563
564
564
565
565
567
571
571
573
574
575
576
579
580
582
586
587
590
594
598
602
605
607
609
611
612
616
617
620
622
623
625
625
628
629
633
633
633
636
640
646
649
651
653
656
658
659
662
664
665
665
666
666
669
669
670
671
671
674
676
679
685
686
687
687
690
691
697
700
706
707
713
715
717
719
721
724
724
727
728
730
730
737
738
738
742
743
747
747
748
750
750
751
752
756
761
762
763
765
768
768
773
776
779
786
788
790
791
799
802
802
803
806
808
809
810
813
813
818
818
819
821
823
825
827
827
830
833
834
837
838
841
845
849
852
853
855
856
860
865
868
869
871
873
877
877
883
888
889
890
891
895
896
898
899
900
901
903
907
908
909
914
914
915
917
918
924
926
929
936
938
939
947
947
948
950
950
951
953
954
959
963
963
965
968
968
970
972
973
973
975
975
975
976
980
987
987
990
991
996
998
1000
1001
1001
1002
1004
1008
1012
1021
1026
1027
1028
1030
1031
1033
1040
1042
1043
1044
1044
1046
1047
1049
1054
1060
1060
1062
1063
1064
1065
1066
1071
1075
1078
1082
1085
1085
1086
1086
1089
1092
1092
1092
1095
1096
1097
1101
1105
1105
1112
1112
1115
1117
1119
1123
1126
1127
1127
1132
1133
1134
1135
1137
1141
1143
1146
1147
1148
1153
1159
1160
1162
1163
1163
1168
1169
1171
1176
1179
1179
1181
1186
1186
1188
1190
1191
1193
1194
1194
1196
1197
1203
1204
1205
1210
1211
1213
1213
1214
1224
1224
1225
1226
1228
1230
1231
1234
1234
1239
1240
1241
1242
1242
1243
1245
1251
1251
1262
1263
1264
1265
1270
1271
1273
1276
1280
1280
1281
1283
1285
1287
1288
1288
1289
1290
1295
1295
1296
1297
1301
1301
1304
1306
1307
1307
1309
1309
1310
1310
1312
1314
1317
1322
1323
1325
1325
1327
1328
1330
1335
1337
1345
1347
1350
1354
1356
1358
1359
1359
1359
1362
1362
1362
1363
1363
1367
1371
1376
1380
1380
1384
1387
1390
1391
1392
1392
1396
1400
1400
1401
1405
1406
1407
1411
1412
1413
1418
1420
1421
1425
1430
1434
1435
1435
1436
1438
1443
1444
1446
1450
1451
1454
1462
1462
1463
1463
1465
1467
1467
1468
1468
1468
1469
1474
1478
1480
1483
1483
1483
1487
1488
1490
1495
1495
1498
1498
1500
1503
1509
1510
1512
1513
1515
1517
1517
1519
1520
1521
1521
1522
1523
1524
1525
1525
1526
1533
1535
1535
1535
1538
1538
1542
1543
1546
1547
1548
1551
1553
1553
1554
1557
1559
1561
1561
1567
1568
1568
1569
1571
1571
1571
1574
1575
1579
1579
1581
1583
1584
1584
1585
1586
1588
1588
1589
1591
1592
1593
1593
1593
1595
1595
1596
1599
1600
1604
1607
1607
1607
1608
1611
1612
1614
1614
1615
1619
1626
1629
1633
1634
1637
1637
1639
1639
1642
1643
1648
1660
1668
1668
1669
1671
1673
1674
1676
1679
1680
1682
1682
1683
1687
1688
1698
1700
1703
1704
1705
1707
1708
1709
1710
1713
1717
1719
1720
1722
1723
1726
1727
1728
1728
1737
1737
1737
1739
1740
1743
1745
1745
1747
1751
1754
1754
1755
1756
1756
1756
1757
1758
1759
1759
1760
1761
1763
1766
1767
1769
1771
1772
1773
1773
1774
1775
1778
1779
1779
1785
1786
1786
1788
1789
1790
1790
1790
1793
1796
1796
1796
1798
1801
1801
1802
1805
1809
1811
1811
1816
1817
1820
1821
1822
1822
1822
1826
1830
1831
1832
1833
1834
1834
1835
1839
1842
1843
1844
1846
1846
1849
1849
1850
1852
1852
1855
1855
1858
1860
1862
1862
1864
1866
1866
1868
1870
1871
1872
1873
1874
1878
1880
1885
1887
1887
1888
1890
1890
1891
1891
1892
1892
1894
1896
1896
1896
1898
1899
1903
1905
1906
1909
1909
1911
1914
1916
1917
1917
1918
1920
1923
1925
1936
1949
1950
1950
1953
1954
1957
1957
1957
1963
1964
1964
1965
1968
1969
1971
1974
1976
1976
1980
1982
1985
1988
1992
1994
1998
2003
2010
2010
2012
2012
2012
2014
2014
2018
2020
2023
2023
2025
2025
2025
2030
2030
2031
2034
2037
2039
2041
2043
2044
2046
2047
2051
2052
2053
2054
2056
2056
2059
2059
2060
2060
2065
2065
2069
2071
2075
2075
2075
2077
2078
2079
2079
2080
2084
2085
2087
2089
2091
2091
2092
2093
2097
2100
2102
2103
2104
2105
2106
2106
2107
2110
2112
2114
2116
2118
2122
2125
2126
2126
2126
2128
2133
2133
2137
2140
2142
2143
2145
2147
2147
2147
2149
2150
2165
2166
2167
2169
2170
2174
2177
2180
2183
2184
2185
2186
2188
2188
2189
2189
2191
2192
2195
2196
2196
2198
2202
2203
2204
2204
2204
2206
2207
2207
2207
2208
2209
2210
2212
2212
2214
2215
2215
2217
2217
2221
2223
2223
2224
2226
2228
2233
2233
2234
2237
2245
2246
2246
2248
2250
2253
2256
2261
2263
2266
2266
2268
2273
2274
2275
2276
2279
2285
2285
2286
2286
2287
2287
2288
2289
2289
2291
2294
2298
2298
2300
2304
2306
2306
2313
2316
2317
2319
2321
2324
2329
2332
2332
2333
2333
2339
2343
2345
2356
2357
2363
2371
2374
2374
2379
2380
2380
2382
2384
2384
2385
2388
2391
2392
2392
2393
2393
2393
2395
2397
2398
2406
2406
2408
2409
2410
2410
2413
2413
2416
2418
2419
2419
2420
2420
2420
2420
2423
2424
2424
2424
2427
2428
2429
2430
2433
2433
2435
2439
2440
2442
2443
2444
2445
2448
2449
2453
2454
2454
2455
2455
2460
2461
2463
2463
2465
2466
2466
2467
2468
2468
2468
2469
2475
2476
2476
2477
2477
2482
2484
2487
2489
2490
2495
2497
2497
2500
2500
2500
2501
2502
2504
2506
2507
2508
2509
2510
2510
2511
2512
2519
2522
2523
2526
2527
2529
2532
2540
2543
2545
2548
2553
2553
2554
2560
2561
2561
2563
2564
2564
2566
2569
2575
2578
2579
2580
2583
2583
2586
2587
2587
2588
2590
2592
2596
2601
2608
2609
2610
2610
2618
2620
2626
2628
2630
2631
2632
2636
2638
2640
2642
2644
2646
2647
2649
2651
2651
2652
2652
2656
2656
2657
2659
2666
2668
2669
2669
2669
2670
2670
2673
2678
2679
2680
2683
2684
2684
2687
2690
2690
2700
2704
2705
2707
2714
2716
2718
2721
2723
2723
2723
2723
2730
2738
2740
2745
2747
2749
2751
2752
2764
2767
2771
2773
2775
2776
2778
2778
2779
2780
2783
2784
2787
2787
2787
2788
2789
2791
2793
2796
2799
2800
2802
2807
2808
2810
2811
2812
2814
2816
2816
2821
2827
2827
2830
2830
2835
2836
2838
2839
2839
2843
2844
2844
2845
2845
2846
2848
2852
2852
2853
2854
2858
2859
2864
2865
2865
2866
2870
2871
2873
2875
2876
2878
2879
2884
2890
2891
2895
2897
2901
2902
2906
2913
2913
2915
2917
2919
2919
2921
2921
2926
2929
2930
2934
2936
2943
2947
2948
2949
2956
2962
2962
2963
2965
2966
2969
2971
2978
2979
2983
2983
2992
2994
2995
2996
3000
3001
3005
3005
3008
3014
3014
3015
3019
3019
3022
3024
3028
3031
3031
3031
3031
3033
3036
3040
3040
3041
3041
3042
3043
3043
3044
3045
3047
3048
3050
3056
3057
3059
3060
3064
3065
3066
3073
3078
3078
3084
3084
3085
3086
3088
3090
3097
3099
3105
3110
3111
3113
3114
3114
3120
3129
3129
3130
3131
3131
3132
3133
3135
3136
3137
3139
3148
3155
3156
3161
3162
3165
3166
3167
3168
3169
3170
3171
3173
3173
3185
3187
3190
3195
3196
3197
3198
3199
3200
3205
3207
3207
3211
3218
3224
3224
3226
3226
3227
3235
3238
3239
3240
3244
3249
3250
3253
3258
3260
3268
3271
3272
3274
3274
3278
3278
3278
3279
3282
3285
3286
3286
3287
3291
3293
3295
3301
3303
3305
3313
3313
3316
3317
3318
3321
3322
3329
3330
3331
3332
3332
3334
3336
3337
3338
3339
3341
3341
3342
3342
3346
3348
3348
3350
3353
3355
3355
3357
3358
3359
3361
3363
3364
3366
3372
3373
3373
3374
3376
3376
3376
3379
3380
3381
3381
3386
3389
3390
3391
3394
3397
3397
3399
3401
3406
3406
3412
3412
3414
3414
3414
3414
3415
3421
3423
3429
3430
3431
3433
3435
3436
3439
3442
3443
3446
3446
3446
3446
3448
3449
3454
3455
3458
3458
3459
3461
3462
3465
3466
3467
3468
3468
3469
3471
3474
3474
3474
3476
3476
3482
3491
3491
3491
3492
3500
3514
3516
3520
3520
3525
3527
3527
3532
3532
3535
3535
3536
3536
3539
3540
3541
3541
3541
3542
3543
3544
3547
3547
3549
3553
3557
3557
3559
3560
3561
3563
3563
3569
3572
3575
3575
3576
3578
3580
3583
3585
3588
3589
3590
3590
3598
3600
3601
3606
3606
3624
3625
3626
3627
3628
3629
3630
3632
3641
3645
3647
3648
3650
3650
3651
3653
3656
3660
3661
3661
3664
3665
3666
3669
3677
3678
3678
3678
3680
3685
3686
3691
3698
3701
3702
3703
3704
3708
3713
3720
3721
3721
3721
3722
3722
3723
3728
3733
3734
3739
3742
3743
3743
3744
3748
3748
3751
3752
3753
3754
3759
3760
3760
3761
3763
3766
3770
3771
3772
3774
3784
3785
3788
3791
3794
3796
3801
3801
3802
3803
3803
3807
3807
3810
3811
3814
3815
3816
3816
3817
3819
3819
3822
3822
3824
3824
3827
3831
3834
3835
3836
3839
3840
3843
3847
3849
3852
3854
3855
3856
3857
3859
3860
3860
3861
3863
3864
3865
3873
3876
3881
3882
3883
3883
3889
3895
3898
3898
3899
3901
3902
3904
3908
3909
3912
3913
3915
3915
3918
3919
3919
3920
3920
3920
3921
3925
3928
3928
3931
3937
3939
3940
3942
3947
3948
3950
3950
3957
3958
3962
3965
3965
3973
3974
3976
3978
3979
3981
3981
3982
3984
4001
4003
4008
4011
4017
4018
4026
4027
4028
4029
4032
4033
4034
4036
4038
4038
4039
4040
4044
4050
4051
4051
4052
4053
4054
4055
4057
4059
4059
4060
4062
4064
4065
4067
4069
4070
4071
4071
4072
4074
4074
4080
4083
4084
4086
4087
4087
4089
4091
4092
4093
4093
4096
4096
4098
4101
4102
4102
4110
4110
4111
4116
4118
4120
4120
4121
4121
4121
4122
4123
4124
4126
4126
4132
4133
4135
4135
4152
4152
4152
4158
4160
4160
4163
4163
4164
4165
4169
4169
4169
4170
4172
4172
4173
4174
4175
4176
4178
4179
4180
4180
4182
4186
4187
4188
4189
4191
4191
4195
4199
4204
4206
4209
4210
4212
4214
4215
4216
4217
4220
4220
4220
4221
4221
4222
4226
4228
4232
4233
4233
4234
4235
4236
4236
4240
4240
4243
4244
4247
4249
4250
4254
4254
4260
4264
4265
4266
4267
4268
4269
4270
4270
4273
4278
4278
4283
4284
4286
4289
4290
4292
4293
4294
4295
4302
4302
4303
4304
4306
4306
4307
4307
4308
4309
4310
4311
4312
4315
4319
4322
4322
4326
4326
4329
4331
4331
4337
4340
4340
4342
4343
4343
4343
4344
4346
4350
4353
4355
4356
4356
4358
4367
4371
4374
4375
4376
4384
4385
4385
4386
4387
4389
4390
4392
4394
4397
4399
4403
4404
4405
4406
4406
4407
4408
4408
4412
4413
4413
4418
4422
4422
4426
4428
4433
4436
4437
4441
4442
4442
4442
4443
4445
4445
4446
4447
4449
4451
4453
4455
4460
4461
4465
4471
4473
4473
4474
4475
4476
4477
4477
4478
4479
4483
4484
4488
4491
4492
4496
4497
4497
4497
4503
4504
4505
4506
4508
4509
4511
4513
4513
4513
4516
4517
4520
4524
4525
4525
4527
4528
4538
4539
4539
4543
4543
4546
4552
4552
4554
4555
4558
4559
4562
4563
4563
4564
4564
4568
4570
4577
4578
4579
4581
4581
4583
4583
4584
4585
4585
4587
4588
4591
4596
4599
4605
4607
4614
4615
4617
4618
4618
4618
4620
4622
4622
4630
4631
4632
4633
4634
4635
4640
4644
4645
4648
4648
4651
4654
4656
4658
4664
4668
4670
4673
4677
4680
4681
4683
4683
4686
4688
4692
4693
4693
4699
4699
4701
4703
4703
4704
4704
4706
4708
4710
4714
4716
4719
4720
4723
4726
4727
4728
4732
4734
4738
4738
4740
4740
4744
4744
4747
4751
4752
4756
4757
4760
4761
4763
4764
4765
4767
4769
4771
4772
4776
4778
4779
4783
4783
4787
4787
4796
4799
4803
4805
4805
4807
4808
4810
4812
4812
4813
4813
4814
4816
4820
4821
4822
4824
4825
4827
4828
4831
4832
4832
4834
4835
4841
4842
4843
4843
4846
4846
4848
4849
4849
4851
4853
4861
4861
4862
4863
4863
4864
4867
4867
4868
4870
4870
4874
4875
4875
4878
4879
4884
4888
4890
4891
4891
4891
4895
4897
4898
4900
4904
4906
4906
4908
4910
4912
4914
4916
4917
4923
4926
4927
4928
4928
4929
4932
4933
4933
4938
4943
4944
4944
4945
4949
4949
4952
4955
4957
4957
4973
4984
4986
4986
4988
4988
4990
4999
5000
5000
5001
5001
5011
5011
5012
5015
5022
5023
5030
5031
5032
5033
5035
5041
5049
5051
5052
5053
5053
5054
5056
5058
5062
5064
5065
5066
5067
5068
5068
5069
5069
5070
5072
5073
5075
5075
5076
5079
5081
5081
5081
5087
5089
5092
5095
5096
5098
5098
5098
5099
5101
5102
5103
5104
5105
5105
5105
5105
5107
5108
5108
5108
5109
5110
5113
5114
5114
5119
5120
5121
5122
5126
5131
5132
5132
5136
5137
5141
5144
5146
5146
5147
5153
5155
5157
5166
5168
5168
5168
5172
5172
5173
5174
5174
5175
5176
5177
5178
5179
5180
5181
5184
5186
5186
5186
5187
5187
5191
5191
5196
5196
5197
5198
5199
5204
5206
5213
5214
5214
5214
5218
5219
5222
5223
5224
5224
5226
5227
5230
5240
5241
5242
5243
5245
5247
5255
5260
5261
5264
5270
5271
5271
5273
5274
5275
5276
5282
5284
5284
5288
5289
5291
5292
5294
5296
5298
5298
5299
5299
5301
5302
5304
5304
5305
5306
5310
5311
5315
5324
5329
5330
5331
5331
5334
5334
5342
5346
5346
5347
5349
5353
5358
5361
5368
5371
5381
5381
5383
5385
5385
5387
5391
5392
5394
5401
5405
5409
5413
5418
5420
5425
5425
5430
5433
5433
5435
5436
5438
5439
5441
5447
5447
5453
5455
5456
5456
5460
5460
5461
5463
5469
5474
5476
5477
5477
5478
5480
5484
5485
5487
5490
5492
5492
5492
5494
5497
5500
5501
5504
5505
5505
5508
5511
5513
5513
5516
5518
5520
5525
5526
5527
5532
5532
5532
5532
5536
5539
5540
5540
5541
5541
5544
5548
5550
5555
5556
5557
5560
5566
5566
5568
5569
5571
5572
5573
5575
5579
5579
5579
5581
5582
5582
5583
5584
5585
5585
5589
5590
5591
5593
5595
5595
5600
5606
5606
5607
5609
5610
5617
5617
5618
5621
5623
5627
5627
5629
5629
5631
5632
5635
5635
5636
5642
5643
5660
5660
5663
5666
5666
5668
5669
5670
5671
5674
5675
5678
5680
5684
5684
5685
5688
5696
5697
5698
5699
5701
5702
5702
5702
5705
5705
5711
5713
5716
5717
5717
5717
5717
5717
5718
5720
5724
5724
5725
5728
5731
5734
5737
5739
5739
5741
5742
5742
5743
5744
5745
5746
5749
5750
5751
5755
5757
5765
5770
5771
5772
5773
5774
5778
5778
5782
5783
5785
5786
5786
5789
5790
5790
5790
5791
5794
5794
5794
5795
5802
5802
5806
5808
5809
5809
5811
5811
5814
5814
5815
5817
5818
5822
5823
5829
5832
5832
5834
5834
5837
5837
5838
5841
5844
5846
5846
5849
5851
5852
5859
5861
5863
5864
5866
5867
5868
5869
5870
5875
5875
5876
5876
5883
5885
5886
5889
5889
5889
5892
5893
5893
5895
5896
5901
5904
5906
5907
5907
5911
5912
5912
5916
5916
5919
5920
5922
5924
5925
5925
5930
5930
5932
5934
5937
5939
5942
5943
5946
5949
5949
5953
5954
5955
5955
5956
5957
5957
5957
5959
5959
5961
5965
5966
5967
5971
5972
5976
5979
5979
5980
5980
5981
5986
5990
5992
6003
6004
6004
6008
6012
6018
6018
6019
6020
6021
6027
6034
6035
6037
6043
6045
6045
6048
6049
6049
6049
6049
6050
6051
6054
6054
6055
6056
6059
6059
6063
6069
6070
6074
6076
6079
6080
6082
6085
6086
6091
6093
6093
6096
6096
6097
6099
6101
6104
6104
6110
6111
6113
6120
6121
6121
6122
6124
6124
6126
6127
6128
6134
6134
6138
6141
6146
6147
6152
6155
6155
6158
6158
6160
6161
6161
6164
6164
6167
6168
6168
6172
6174
6175
6183
6184
6185
6186
6187
6187
6189
6195
6197
6197
6197
6200
6201
6202
6206
6211
6218
6220
6224
6228
6229
6230
6231
6232
6234
6241
6245
6247
6248
6251
6251
6252
6253
6255
6256
6260
6261
6261
6261
6263
6266
6271
6272
6272
6274
6277
6279
6280
6284
6285
6287
6287
6289
6289
6289
6292
6294
6296
6300
6301
6301
6302
6303
6306
6311
6312
6312
6315
6316
6316
6317
6318
6322
6324
6336
6343
6346
6346
6349
6352
6352
6354
6356
6358
6362
6363
6363
6365
6366
6369
6373
6373
6375
6378
6381
6382
6385
6385
6385
6386
6387
6387
6389
6389
6393
6402
6404
6405
6409
6410
6410
6414
6416
6416
6426
6433
6433
6437
6438
6444
6444
6448
6449
6452
6452
6453
6453
6459
6461
6461
6463
6466
6470
6475
6477
6477
6484
6486
6488
6489
6489
6491
6494
6496
6503
6508
6509
6512
6515
6515
6515
6516
6517
6518
6519
6520
6522
6522
6523
6525
6533
6533
6534
6542
6546
6550
6551
6551
6552
6553
6555
6557
6558
6559
6561
6562
6563
6566
6566
6567
6574
6574
6578
6580
6582
6585
6586
6589
6589
6591
6592
6592
6599
6602
6603
6604
6605
6610
6612
6618
6622
6623
6624
6624
6626
6631
6632
6634
6637
6638
6639
6649
6651
6656
6661
6663
6667
6669
6670
6672
6675
6675
6677
6682
6689
6693
6694
6698
6699
6702
6703
6703
6707
6707
6709
6710
6711
6711
6712
6714
6715
6716
6716
6722
6723
6724
6727
6731
6733
6734
6734
6734
6735
6740
6740
6741
6742
6743
6744
6747
6747
6749
6752
6754
6755
6756
6759
6760
6761
6762
6763
6771
6772
6774
6776
6777
6778
6779
6780
6781
6786
6786
6786
6794
6795
6797
6800
6804
6809
6809
6816
6818
6818
6825
6828
6828
6828
6829
6830
6831
6831
6833
6834
6837
6838
6839
6839
6841
6848
6849
6850
6851
6852
6853
6854
6855
6856
6856
6857
6859
6860
6860
6862
6865
6866
6867
6868
6871
6877
6879
6883
6884
6887
6889
6889
6897
6901
6909
6909
6912
6914
6914
6916
6917
6925
6926
6929
6933
6934
6935
6936
6937
6938
6939
6940
6941
6943
6947
6949
6951
6955
6958
6960
6960
6961
6966
6968
6969
6969
6969
6969
6970
6973
6974
6975
6979
6979
6980
6982
6983
6995
6996
6997
6998
7001
7002
7003
7006
7006
7011
7019
7023
7023
7025
7027
7027
7028
7029
7029
7030
7031
7031
7031
7033
7035
7038
7044
7046
7049
7050
7052
7052
7056
7061
7064
7064
7066
7068
7071
7073
7073
7076
7077
7077
7079
7079
7081
7086
7087
7088
7090
7095
7095
7097
7098
7099
7099
7101
7107
7108
7110
7111
7114
7114
7116
7117
7117
7119
7122
7123
7125
7127
7128
7131
7132
7134
7137
7147
7147
7148
7150
7154
7156
7157
7159
7160
7160
7161
7163
7167
7170
7174
7174
7178
7183
7184
7187
7187
7187
7190
7195
7197
7197
7198
7200
7200
7201
7203
7203
7213
7213
7214
7215
7217
7219
7220
7221
7222
7224
7225
7225
7226
7228
7235
7236
7236
7238
7239
7240
7241
7243
7244
7247
7250
7252
7252
7253
7253
7255
7256
7256
7258
7260
7261
7262
7264
7265
7265
7267
7271
7271
7274
7277
7280
7280
7281
7282
7285
7285
7289
7289
7289
7290
7291
7291
7292
7293
7295
7296
7296
7297
7298
7302
7304
7304
7310
7314
7316
7316
7317
7319
7322
7323
7325
7331
7332
7334
7336
7339
7340
7341
7342
7342
7342
7342
7343
7344
7345
7346
7347
7351
7354
7355
7356
7356
7357
7357
7361
7363
7363
7368
7370
7373
7373
7375
7378
7379
7380
7386
7392
7394
7394
7395
7395
7396
7397
7399
7403
7404
7404
7405
7409
7413
7413
7414
7414
7415
7416
7418
7419
7423
7424
7425
7426
7426
7427
7428
7433
7434
7437
7438
7441
7442
7444
7444
7447
7449
7449
7449
7451
7452
7456
7458
7459
7461
7462
7463
7464
7465
7467
7470
7471
7472
7472
7480
7481
7487
7487
7487
7488
7489
7490
7490
7492
7493
7494
7496
7499
7500
7501
7509
7511
7513
7513
7515
7515
7516
7516
7518
7521
7527
7530
7541
7542
7542
7546
7546
7551
7551
7555
7558
7559
7565
7566
7568
7568
7571
7573
7574
7574
7577
7579
7582
7583
7586
7592
7595
7596
7597
7603
7603
7603
7604
7604
7605
7607
7613
7616
7616
7617
7617
7619
7621
7623
7623
7625
7626
7626
7628
7638
7644
7649
7651
7652
7654
7657
7657
7660
7660
7662
7663
7663
7666
7666
7666
7672
7672
7672
7672
7673
7674
7677
7679
7680
7683
7687
7690
7694
7696
7698
7700
7707
7709
7710
7711
7713
7713
7714
7717
7718
7719
7721
7724
7724
7725
7725
7728
7730
7734
7735
7742
7743
7747
7751
7753
7753
7754
7756
7759
7764
7765
7771
7771
7772
7775
7776
7776
7777
7778
7780
7780
7782
7783
7784
7787
7789
7790
7791
7799
7801
7803
7806
7809
7811
7812
7813
7817
7817
7818
7819
7823
7829
7829
7830
7833
7836
7836
7837
7841
7841
7845
7852
7852
7857
7858
7859
7859
7865
7869
7873
7875
7875
7877
7877
7877
7880
7880
7885
7887
7890
7890
7893
7896
7896
7898
7900
7900
7902
7905
7910
7910
7911
7911
7915
7916
7920
7922
7922
7922
7923
7924
7925
7929
7931
7931
7933
7935
7936
7937
7940
7945
7945
7946
7946
7950
7951
7951
7953
7954
7955
7959
7965
7967
7968
7970
7971
7976
7976
7978
7978
7983
7985
7986
7988
7988
7991
7991
7995
7996
7996
7996
8000
8000
8005
8009
8009
8011
8014
8014
8014
8016
8022
8022
8026
8027
8028
8028
8029
8031
8032
8033
8034
8035
8040
8041
8041
8042
8043
8045
8046
8056
8067
8068
8073
8076
8080
8084
8086
8086
8090
8091
8094
8095
8097
8101
8102
8103
8105
8111
8111
8111
8116
8118
8119
8120
8124
8127
8129
8131
8131
8140
8143
8145
8154
8157
8160
8160
8165
8166
8167
8174
8176
8176
8177
8177
8185
8186
8186
8186
8188
8193
8197
8197
8198
8201
8207
8208
8210
8210
8212
8212
8213
8215
8215
8218
8218
8221
8227
8229
8231
8231
8236
8237
8240
8240
8244
8245
8245
8248
8250
8252
8257
8262
8262
8266
8268
8268
8271
8272
8274
8276
8277
8280
8282
8286
8288
8295
8296
8300
8301
8304
8305
8307
8307
8310
8311
8312
8313
8314
8316
8317
8318
8320
8323
8326
8327
8328
8328
8329
8336
8337
8345
8348
8349
8350
8352
8354
8356
8357
8357
8358
8362
8364
8370
8370
8371
8376
8376
8378
8379
8383
8385
8386
8387
8389
8390
8391
8392
8395
8396
8398
8402
8403
8404
8410
8410
8413
8413
8414
8415
8416
8417
8418
8419
8419
8419
8419
8428
8428
8430
8431
8432
8433
8434
8434
8436
8438
8441
8441
8442
8443
8445
8446
8446
8446
8448
8449
8452
8453
8454
8460
8461
8462
8462
8463
8463
8465
8467
8470
8470
8472
8473
8474
8475
8477
8478
8478
8484
8484
8484
8485
8485
8487
8490
8491
8492
8497
8497
8499
8501
8504
8505
8505
8508
8511
8511
8511
8512
8514
8516
8517
8518
8523
8524
8524
8525
8527
8529
8529
8532
8534
8537
8538
8541
8542
8543
8545
8547
8547
8549
8552
8553
8555
8555
8559
8564
8564
8569
8572
8577
8577
8577
8579
8581
8581
8582
8585
8590
8591
8594
8597
8601
8605
8607
8607
8609
8609
8610
8611
8611
8611
8613
8613
8614
8616
8617
8625
8629
8638
8640
8640
8645
8645
8647
8648
8651
8654
8655
8655
8656
8657
8658
8659
8659
8660
8661
8662
8663
8665
8665
8670
8678
8680
8682
8684
8686
8687
8687
8689
8690
8692
8693
8697
8699
8700
8700
8703
8706
8707
8707
8709
8710
8712
8717
8717
8720
8723
8723
8729
8730
8733
8734
8735
8737
8738
8741
8744
8744
8753
8756
8757
8757
8758
8761
8766
8769
8770
8770
8770
8773
8773
8773
8778
8782
8786
8787
8791
8794
8798
8810
8813
8813
8813
8813
8817
8818
8818
8822
8827
8828
8829
8830
8830
8832
8833
8835
8835
8836
8837
8842
8850
8851
8852
8853
8860
8862
8862
8864
8869
8869
8873
8874
8877
8879
8887
8889
8893
8895
8898
8898
8899
8899
8900
8900
8900
8902
8904
8904
8904
8906
8914
8915
8918
8920
8920
8922
8924
8925
8926
8927
8929
8930
8931
8932
8936
8939
8942
8944
8945
8950
8952
8952
8958
8961
8962
8965
8967
8974
8981
8981
8982
8983
8987
8990
8992
9000
9001
9001
9004
9007
9009
9010
9012
9014
9014
9017
9018
9019
9023
9024
9027
9030
9034
9037
9039
9041
9043
9048
9050
9051
9051
9054
9056
9057
9057
9058
9059
9059
9061
9062
9065
9072
9072
9075
9075
9080
9082
9084
9087
9089
9090
9092
9094
9098
9098
9098
9100
9101
9102
9104
9104
9104
9106
9110
9112
9113
9113
9113
9117
9119
9128
9128
9130
9134
9135
9136
9137
9138
9140
9141
9141
9141
9144
9148
9148
9150
9151
9151
9158
9159
9161
9165
9166
9166
9167
9168
9172
9172
9175
9179
9185
9187
9191
9192
9194
9197
9199
9199
9208
9209
9209
9214
9223
9224
9225
9225
9225
9226
9226
9230
9232
9232
9235
9235
9236
9237
9239
9239
9239
9241
9243
9245
9247
9247
9248
9254
9255
9257
9260
9261
9263
9265
9267
9268
9269
9274
9274
9278
9279
9280
9282
9283
9285
9286
9287
9287
9289
9290
9295
9296
9297
9298
9300
9303
9305
9306
9317
9317
9318
9322
9323
9326
9326
9326
9330
9333
9338
9346
9351
9352
9354
9355
9355
9355
9360
9360
9364
9366
9366
9368
9369
9369
9370
9374
9376
9378
9379
9380
9380
9381
9383
9384
9384
9387
9391
9392
9392
9398
9398
9398
9398
9399
9399
9399
9402
9405
9409
9409
9411
9412
9413
9415
9416
9416
9423
9424
9428
9429
9434
9434
9436
9439
9441
9441
9445
9446
9447
9448
9450
9451
9452
9460
9461
9461
9463
9463
9465
9465
9467
9467
9467
9469
9469
9470
9471
9471
9475
9476
9476
9477
9482
9483
9484
9485
9489
9512
9514
9515
9519
9520
9524
9528
9529
9531
9534
9539
9541
9541
9542
9542
9544
9544
9545
9545
9546
9546
9546
9552
9557
9562
9563
9567
9571
9573
9574
9577
9584
9590
9591
9593
9593
9593
9594
9594
9596
9601
9608
9608
9611
9614
9614
9620
9622
9623
9627
9634
9639
9642
9643
9648
9649
9653
9655
9660
9662
9664
9667
9673
9673
9673
9677
9678
9680
9681
9685
9685
9687
9689
9692
9698
9698
9702
9702
9705
9705
9706
9706
9709
9711
9712
9713
9714
9715
9718
9721
9721
9721
9721
9724
9725
9727
9731
9733
9735
9736
9736
9736
9743
9743
9743
9743
9749
9749
9752
9752
9752
9755
9759
9761
9762
9763
9764
9767
9768
9769
9772
9774
9775
9778
9778
9780
9781
9782
9785
9788
9791
9792
9794
9795
9800
9800
9802
9803
9806
9807
9807
9808
9811
9813
9815
9815
9817
9818
9824
9826
9828
9830
9831
9831
9832
9832
9833
9835
9836
9837
9843
9844
9848
9854
9857
9861
9863
9865
9867
9868
9873
9873
9878
9880
9883
9884
9889
9890
9892
9893
9897
9900
9901
9904
9905
9907
9910
9916
9917
9918
9919
9923
9925
9929
9930
9934
9935
9940
9941
9942
9942
9944
9944
9947
9948
9949
9955
9958
9959
9962
9962
9963
9963
9966
9966
9968
9970
9970
9970
9972
9972
9973
9980
9985
9986
9987
9990
9992
9993
9994
9995
9995
9996
9997
9998
9999
9999
