10000
2246
-5270
5537
-6517
4086
-4669
-5720
-4392
-5575
-722
7120
-5833
7918
-9603
-5991
533
-5935
-9449
1810
1872
-5535
-4651
-6563
-8276
7238
5603
4010
-214
-782
-3782
336
-4816
948
-4127
-1333
-1245
1204
2948
8084
9350
-4054
5203
-6484
-6137
9321
1247
8117
-6615
1798
-74
8979
9984
5276
-7585
-8293
6234
-8262
9438
-3981
956
-623
-9925
6140
-5955
-4052
-5193
6521
-9128
-8525
4604
-9779
-2579
3528
-2541
1284
2848
8706
-599
6234
4224
-6953
5212
4207
8323
-8653
9636
4556
-6915
-7207
-5705
4042
2170
-5629
3902
6216
4040
-7571
2736
8634
-6096
1061
-7425
1325
-5412
34
-3670
7436
2460
9452
7390
404
-7502
6322
-1668
-9179
7669
1688
9098
-9246
4481
-2886
8517
-3349
1485
6139
-7134
-755
8569
9323
-2122
-7528
383
454
7519
8692
-5792
-6152
6128
-9611
-6701
7238
4514
-4203
3560
-7155
339
1228
8254
3158
5703
2735
-9729
7940
9386
5477
4079
-4028
-5279
2647
-4706
2600
5119
9399
-3226
2637
8090
4703
-9795
4217
5092
-6496
5176
3327
3023
-1265
9893
-6639
-6317
8147
6519
9387
881
-9490
7326
266
5987
1404
9959
-9292
-2229
-4748
7029
-7110
-5350
-2477
9248
-7260
-7775
-6826
-9323
-8962
-3322
5853
4365
-6579
-1692
4257
-3217
1992
2403
-2978
1378
-2996
1254
2424
-9010
-2760
-2451
-9052
1669
5320
-3799
2418
-8070
4572
9941
-8822
-8968
-7834
-5648
-8290
-3075
4751
-8717
-8711
8173
-408
9267
-1324
-4696
1670
9419
-9598
-7606
672
2826
-6615
7913
-9626
-5667
3302
9416
4255
-4280
-8655
-1173
-619
-7477
-141
5268
596
5290
-7808
-932
-9706
-6519
961
3607
-7252
9637
8911
8139
9055
9313
-9468
-273
5859
-2362
1360
6234
1972
-1618
5649
-3774
4102
-9286
8774
-2796
-6762
2354
-7529
7555
1364
-5336
343
1658
1866
-8697
-1015
8335
-5340
-2105
6473
-2564
928
-9274
-9117
-3213
-1636
2243
-3259
-5944
-5655
-3890
4004
-7832
-3176
2777
-628
3783
-1149
1843
5059
-9785
-9773
-4599
5594
2094
426
-5421
4149
5086
6195
622
-3758
-2877
5069
-2875
7631
-2847
-6912
-1908
1210
-2566
4202
-4787
-398
-5254
7990
8974
8530
562
4537
3588
777
4765
-7291
-3630
579
6856
4670
-5273
5663
4586
9070
-8096
-4571
7859
-970
-6941
-4988
2118
1151
6222
9552
-927
-4845
-847
3819
-3135
1847
2348
7427
-3616
-344
-1797
-5131
6087
8295
9169
2942
6685
-6105
-1396
1270
-3314
4230
6699
-5456
-6741
-6522
-444
5377
4629
-502
8650
-6299
4653
1523
-8759
-8482
-6630
3589
8945
3475
-3034
869
8344
-3227
2884
7512
9715
-432
-4873
2040
-9162
1813
-3731
-8743
-9922
3249
-5264
3355
2346
-6915
-7147
995
508
-8774
-3761
1749
-7256
-391
-942
-4590
-6917
6024
10000
-4853
-3483
2883
-7342
-47
-7550
1506
-4287
-2991
-6681
1982
-1733
-2882
-1049
6724
-9528
-8704
9809
-6675
6013
4037
-5448
-7749
-4215
1017
5581
4844
-9853
-7616
4588
-9854
-2469
-5174
3029
3910
4779
5480
-4585
-9509
-3791
2455
6194
8197
9573
-4856
4920
-9955
161
8450
-2909
-3827
2486
5364
2145
-8008
-3619
-2275
-9444
249
3830
8865
396
-8640
-6310
-6576
8991
8469
-7376
-5594
8960
2555
-9419
8874
751
-9846
-5983
-4329
-9801
7900
-2159
1011
-5928
-5953
-3625
9939
-3961
6477
1384
-3405
-3275
-4786
-819
7121
295
2871
-5734
-714
5061
611
7413
7741
-6835
7994
6615
3917
-8132
-5648
9588
-4212
-7749
1149
6800
45
5196
-6826
-17
-8765
9651
-4913
1551
-3625
301
-9269
-2783
-5683
7324
1483
7324
2384
-7907
4736
3845
-4741
6450
459
9176
8319
8533
-7517
-5894
-9217
3632
-5374
828
-1173
-2200
-5469
3783
1171
-381
-945
-8733
-6360
-214
-1516
1678
830
9967
-999
-3066
-4220
-2543
-9221
1039
-6093
4959
3935
-4054
3491
-9862
3773
7996
3770
8400
2544
-3682
-80
7076
-6179
-8909
415
2876
-7642
7776
-3617
842
-546
7213
4529
-7825
-2132
-9692
-367
-1353
5069
3540
-6395
-997
-6794
-9183
-858
6979
8813
-3368
5378
1356
6671
-4702
2152
-5787
110
-7434
-9191
2468
-5937
-2808
-6691
3517
-1874
-8442
5692
5994
-8134
-4676
-1639
6935
-7416
1966
-341
-489
6504
-7479
-3510
5316
2874
-4412
-3328
3266
886
8824
7479
-9005
-4889
8288
7184
-826
-799
-5787
-3589
7327
-4229
-7898
7041
-2362
1148
-4599
-1707
7453
-8913
-8328
-3036
7592
-2086
7175
2907
-9212
-7238
-6701
7775
7370
-4156
5253
8365
955
7261
5549
-9872
182
-6518
-3461
1229
-746
2362
-1731
-9388
-2770
7391
-1095
-5317
8479
4299
5368
9791
-7788
2542
2697
-7000
5304
9718
-5505
2673
-4439
9748
4759
6516
-9271
4028
-9636
4632
7510
-3097
-4139
-3237
-7015
7851
-2625
216
5242
-9999
4899
7441
4300
3987
7231
-9768
-3472
-73
-3046
-8169
-356
1449
8226
8926
4918
2984
5441
5647
-2989
5805
3999
-1759
-3572
9860
5005
-586
7711
-3900
9630
6673
-178
8249
4113
-2158
2235
1343
-1925
-7517
-5010
5029
-5686
8356
-3523
-3740
7281
-8606
9244
2722
-9239
-25
2247
4761
-8063
8676
4620
-9338
1810
6051
-3238
1439
2723
6585
3408
556
-5574
-637
-8102
2501
1846
610
1250
9881
-1035
7728
-3859
-3755
9122
-895
-7313
-6396
-7199
4935
8365
-5262
7331
6705
-4600
-860
2756
5883
-5701
-801
6188
7707
9756
-9386
790
-4626
6836
-7365
5984
1807
-3764
-5052
-466
2377
4915
2376
-4797
7602
5980
1725
6257
8065
6463
7308
4770
-4417
-3553
1246
-8535
4467
-9556
7654
5894
-6080
-8012
-3317
-705
-7456
3039
-1001
4351
9276
3948
-2395
5373
2583
9982
-5704
3905
9682
6021
3883
7747
2483
1190
2516
8066
-8642
-2518
-6748
5825
-2074
-9095
1719
5568
-3386
8402
-1417
-842
1441
7582
-2770
4437
5250
4835
-191
1553
8537
4106
-4542
8219
126
9341
5965
-3670
4251
2201
-1884
5609
9683
1368
1434
1329
5994
-6848
617
-7393
-8447
9200
5487
6715
-9498
-7284
1151
9473
-8729
-9040
1026
9809
8787
6484
-8253
2633
9545
-8568
8963
3795
3633
-2921
-596
7036
8447
-9163
-1636
8162
-2290
-7298
-9232
-737
-8099
9976
-301
-3876
-3588
-9151
-4403
-2316
-4470
6623
-2508
-1963
6827
2960
-9330
-9909
4392
9633
3886
-1976
-3289
-2990
-1220
-1121
1568
-9136
761
9278
-6434
5250
2262
-811
5226
-8040
5313
-8363
-3470
-9091
-679
2061
-8748
-9467
-9903
-8201
3493
-9233
-8110
-2116
-5879
9498
9629
4553
-3493
-1592
-6569
8076
2994
7913
7353
6560
3163
-386
-4252
-1612
5295
-8939
25
-8175
-4309
-6933
3886
-3056
-2679
7704
2464
-9186
-7808
4355
2419
-3687
3852
5769
-9135
-9642
-2103
-1982
-7846
-9110
-4070
-6772
7451
9093
6563
-3081
-2520
1858
1701
-8774
3683
7393
-1986
1289
-1943
5335
-1008
-9480
9870
4905
4875
2289
-8783
2447
1778
-4196
2806
9675
3822
8681
-5714
9752
-8092
-8264
-7435
8472
2376
3766
329
-5923
4992
-2268
-8531
-6995
9021
3247
-7939
1733
7488
-8070
-3362
2363
7940
1576
-1470
-283
7380
-4944
3113
1201
-6263
7399
4674
-4355
-7145
-9041
-2163
5231
4725
8166
9308
3438
-382
-5503
-9837
-1362
-8536
-7776
-9629
8953
-5845
730
5036
-7906
-7695
-6435
1812
9686
-1378
-1355
4607
2359
-3957
-720
-8276
2619
239
-438
-2151
-1315
1448
878
-7878
-8934
9096
-7715
3425
-9440
-5490
3796
9513
2386
-1754
4548
4480
552
8113
12
3958
455
8657
-1436
-3466
-1580
-8435
-1741
-8962
1804
-8459
2609
-5791
6710
-6514
-3669
-8504
-7419
-1383
4922
-6859
6848
2438
-3626
-767
-9316
-9079
-6288
1236
-7245
7446
-1086
3210
9823
7478
-6535
-1757
9043
5445
3002
4568
6986
-4390
8777
7416
-904
-4892
8913
1678
7446
3834
8540
8014
-3729
-5086
-2754
-3045
-444
4679
-8089
2311
5845
825
-758
5668
2024
2707
-6090
1066
-1849
-9368
-646
-1143
-3757
-1869
-3728
5339
6960
-4816
737
8126
-7262
2998
6139
-990
7912
-6616
9686
1188
-8217
-4682
-6501
7629
9864
6462
3296
1887
2889
-9074
-3326
-5240
-8442
6028
7338
1522
-2121
-6391
-3139
-5162
2515
-8682
-3316
5253
4316
-7178
-2017
5948
-73
-2331
-2864
1711
6708
4356
3060
6571
4538
-3645
2179
-2574
1002
8853
5907
6281
8601
3244
-2197
-3520
-9427
8385
5039
3088
9703
-4556
2062
7740
-1734
-9956
7408
8194
1434
-1736
3625
-1859
-7381
-3316
-1567
7157
6760
-9389
-1697
1482
-6816
-5791
1483
-8216
7453
9286
1985
8027
-8610
745
4835
-8907
6189
617
-7447
-5546
662
9961
-3632
-4184
-1775
-6287
3958
4565
4118
-7610
5443
4598
-3278
-6255
-200
-94
1676
-8717
1690
2849
-5711
-2604
4596
-4320
8141
-569
494
8050
-6232
3047
-3776
8151
6728
6314
-6033
-5048
-9974
-8355
-6762
7866
-5965
8681
2463
757
-3854
-4016
-5617
7822
-2733
9794
4392
1556
-2811
-1013
7236
-950
-7862
-2271
-2901
-4093
-5504
3324
-5943
-8776
3358
1745
-103
3384
3390
3135
4970
7425
5536
1154
1902
-4597
7138
-9995
-3055
-5596
9800
-8664
9681
-3012
324
-9363
9760
6183
2087
-3142
-7911
6584
-6098
-132
-8472
7260
-8388
1425
4365
5003
-1719
3055
6148
-2463
-5792
1771
2940
-4934
1776
9886
3191
5296
-8779
2872
-3995
5266
3509
-4236
1449
-684
6343
7259
-4101
-6034
-2874
-2573
-8775
2460
-7427
9311
1183
854
2366
-2670
8391
-9706
-7179
1331
-4639
8319
4937
8552
3614
6158
5144
9619
5145
2373
-4618
-3407
-8311
-4554
-6149
-2412
-588
4699
8737
4358
879
-8691
3669
-7939
5884
-245
-609
7995
3770
5934
3046
-7149
4252
-2018
-8597
-2135
-2139
-9733
-2516
-6995
2641
6587
-402
8051
-7968
7170
-4362
1444
5589
-1905
-477
-3533
-596
-3088
-1472
-992
-9613
-8360
-2997
4157
7574
-9952
7009
1825
-1969
-7868
-6590
5892
-7601
894
8897
8761
1202
2215
6811
6955
3105
-3830
2120
-1306
4265
-8358
8882
-2610
-1446
-2590
6398
-1059
2771
-2879
-3182
4065
-2830
-6174
-4111
8922
-321
3020
4813
5800
-2365
7430
8281
8837
3365
5092
5791
-3531
-5018
-2090
5163
9247
3273
4045
357
-8174
-4825
476
4488
-8334
7597
-8694
5731
-1513
-1147
-4660
-2592
-7747
8360
-4059
8053
-4006
-2909
6333
-5170
-9545
5145
-5658
-3075
-9874
5973
-4192
-6906
2967
-6427
7172
8514
2469
1368
3002
4135
2686
8029
-135
-8828
602
5205
2302
6576
7286
-8037
8349
-6721
-945
8403
1831
3231
3547
9894
-6124
7395
9587
-315
-5791
2553
3258
-8620
1067
-4273
2749
-2211
-6418
-4566
-4183
3448
327
-9861
2373
-3651
6716
3379
-1687
5064
6659
-8912
3466
2210
4319
734
2103
8196
-1872
5410
1601
2337
-2037
-5142
3717
9030
4306
186
-3182
-8391
9341
6356
5057
-332
6495
1150
9738
6931
-5471
-1950
1995
-5092
2859
-819
-9162
-2822
9915
2941
-906
-1958
-1650
-9306
-5901
-9967
-727
-8463
9063
-2700
1723
-399
-1091
4785
-4044
-2314
-5548
-3828
8836
-2090
-6898
-2915
5961
8818
5714
-1181
1720
6552
9718
1634
3213
-1189
-6603
-4716
-495
-2504
-4683
-7501
2754
-1899
-201
-1802
7702
8708
-7018
-2621
-3607
1155
7272
-1051
9065
-5906
9756
8746
-7088
5469
-2435
8353
5742
1003
-14
-1046
9815
7104
4238
3040
-1679
-6724
5539
-8926
1377
-942
-728
-922
-2235
2254
-9823
7879
-6592
7449
549
-3806
-8457
304
-5061
-1824
-507
2504
-3472
-4766
-2772
-9766
4189
-2958
7339
2147
-6198
-620
5423
-6938
4175
-3201
2120
-6553
9599
-6394
9422
9776
-4795
-3449
-9055
5754
2745
-3791
-3943
7684
4385
9272
3909
-5367
-5495
-8864
-1412
-7586
1899
-353
4562
9422
9027
3705
-7517
3202
-9496
8325
-9631
-6177
-4349
9791
-2681
856
-3659
-1736
-3390
-7194
8194
6388
-9510
2578
5659
4399
-9069
-6115
5535
-480
-3701
1154
9167
-5419
575
-8086
8287
3059
5116
-7489
5104
5485
55
-9246
8996
7374
5331
-942
-641
-4339
1864
-2448
-4230
2354
-6149
-4851
-3248
-5218
-966
-3993
8023
5334
7161
7190
-6365
-2264
9104
-8079
-5485
7940
-1847
-6661
7145
8208
-5907
6140
5582
-6856
-4803
-1339
2527
7062
6213
8297
-585
-6216
-6555
9889
2288
2480
-384
310
1534
498
1220
5169
-8046
4044
-9189
-3531
1983
-1036
-192
-873
-2828
7622
-1012
-7247
-5514
4185
5135
7013
4967
5068
5309
-5618
8853
-7525
-2009
1140
4955
-8673
-8551
209
1825
6391
-4623
7500
434
-3812
-2311
-3862
8874
7497
8986
-3955
8839
-2027
2519
-6675
-7842
-2347
-5942
7125
-7280
-6912
-4773
-4707
-4437
6939
6433
-5762
-8013
-8397
4447
7533
7994
-6456
5033
2148
3454
-7279
8286
2327
-6061
7272
-7908
-7223
-4756
4611
-177
1123
-4016
7603
1969
-1296
-9310
7196
3998
-3747
7856
4151
4212
9843
5754
2379
7375
7468
5923
6128
-384
3097
8850
1622
-856
-7212
-1107
1236
-714
7859
-433
9110
2702
5551
6712
-5330
-2024
-8878
-4413
-4306
-2625
-2837
9845
-8414
-2995
9320
3965
-1900
6787
3608
-5772
123
426
-6923
-4534
-6710
-414
8080
8248
8872
5938
-2186
-8299
2361
-6635
-7867
7031
5062
-6745
-3662
-9245
4351
3501
-9401
5937
-9495
9919
3622
2327
-9574
951
6555
549
-4903
-6648
6015
-1613
2938
7816
-3366
1809
3753
8170
7232
-3887
-4745
9365
-3135
-9684
-7380
3203
-8929
6971
-3296
-8330
6629
930
-4690
3971
-6744
-4264
-1358
-6469
-9995
3739
-3117
9742
-4153
-6459
7557
6202
9072
5030
4371
6303
-5136
9626
5667
5450
9942
-7993
-1348
-5267
-7301
9077
125
9328
3728
5435
7019
-9296
-5109
-618
-5764
-1383
-6880
1119
2079
2688
8382
3356
-1110
7453
-1614
-6740
3755
6971
-3393
3142
2420
269
5150
-5208
5003
7849
-6131
-4873
-9104
-8683
-5718
-8365
-7979
-827
1017
-3743
7790
7859
-8903
3590
546
9479
-3055
-6844
6931
9052
138
4406
6022
6745
-2453
-1559
734
-3583
6955
-4264
-2014
-5456
4584
-1118
-4139
8866
4239
-2118
-1962
-1024
7861
-451
-3166
-7322
-6862
-8899
-4123
3804
-5743
-3472
2856
4395
-9067
-1123
4860
-1520
-8961
-4406
4898
7994
1330
-7117
-7463
-4086
5487
2119
-1500
3446
-10000
6539
-7579
-8419
-192
-744
-5741
6667
357
136
470
8335
6664
-6675
2730
-8683
5924
-2411
3519
6963
3183
-1584
8677
-1766
5020
-5066
7869
4227
7053
-3632
1393
-9227
-3373
3815
-7645
-9845
-3209
335
6822
-9132
-5808
1013
9203
-9145
4338
5653
-4106
3982
-6758
9413
4665
-9855
1549
3341
2100
289
8275
-32
-5484
5327
-9943
5909
9822
405
3444
-7824
561
-9766
2511
-2618
-5177
6703
8395
-5974
-8721
6454
9679
894
4156
-3359
306
-1179
508
-8146
-7839
-7393
2143
-5843
6297
-9621
-6796
-9926
-9991
-6975
479
3453
-1078
-8961
7409
-4846
2143
-7769
-8144
4258
-22
-3144
711
-343
7750
-5133
-9982
1776
7409
4247
3630
-6710
-9425
-4227
-2553
-9408
-127
4373
-9334
-118
7398
4866
-6665
-3680
5906
-5536
1474
-1952
-3305
7051
-7695
6674
-2372
6738
51
-902
-4675
3790
-9126
-7267
-1963
4504
-3977
-1388
-6003
7192
-796
3871
1564
3591
-6248
-1039
-1544
808
9002
-5639
5272
4196
6130
-4312
4968
-7844
-3918
-7405
-7386
9854
1693
-2061
3643
2567
4393
-8321
792
-5864
4012
8510
-8673
-6785
2380
2891
-9474
9854
-4427
-1017
4382
-1705
3344
3375
-3788
3195
9063
-8821
5351
-4856
-2505
7965
-1282
9188
-376
-7640
5476
-5984
-2239
-12
1873
-8228
-1503
3201
-1291
-5402
-188
-765
-5549
9106
8218
-7447
1122
5283
5928
7334
2198
8711
-7767
-2452
-2425
-272
-767
6293
2636
-7423
8654
1832
314
-3586
-8181
-7814
1907
4038
9108
-5664
8636
2641
3572
-3193
1746
5510
-640
-3412
4513
-4712
-2358
-3290
-6002
-125
7979
1574
-6677
932
-2134
9681
3509
240
1512
-6178
-9626
7053
-270
2282
1090
-1163
-9662
-275
-8523
7631
6532
6945
3141
-4109
-6468
1374
4900
4896
-8195
-7381
-5230
-6496
7914
1815
4437
-500
1495
1666
9741
-6994
9210
-9886
-6221
-1061
6117
4869
-8504
6456
-1686
-3305
4086
-1434
-6361
947
8179
892
-3958
3078
-4213
-2153
9418
4279
1351
7331
-3907
-492
-3169
7588
-8826
-3429
-5686
-9617
406
-1906
3043
-3477
-7038
4539
-3301
4998
-8767
-5495
-6437
-1407
5453
-8259
9486
-4785
8541
-1007
3062
-8322
-6729
-1867
9010
-636
7642
-4160
-3049
8816
6132
1266
-7081
-3463
9360
9683
6781
-3958
7942
-2800
-5240
9176
1706
-1676
1489
879
3786
974
6094
6047
-6312
-845
7726
-3041
-8992
6735
6324
8650
-3705
-3005
-8815
-7574
8261
-5896
2684
-8660
-6214
3186
1104
-8272
-9615
5864
-5376
2091
-2092
9834
-3310
-4585
4529
-7217
-8539
8217
5659
-7093
-4825
6668
-6638
-8502
5317
-343
-1506
-9777
5804
475
-5673
-1512
5537
1835
-4606
361
7284
-4221
-3776
-4372
-8409
7854
-4539
-1719
-6732
9990
1065
-1550
-8074
444
1358
-2898
-2889
8441
2321
-3851
-1902
-9186
-3628
-2378
5011
4420
9831
4268
-25
-4776
-5372
979
1004
852
-9673
6316
2426
-4211
-5404
5694
-501
9382
-2135
1426
-174
-7057
-7752
-9343
-8617
4569
-3194
3202
9105
6899
-9176
4115
1319
-5625
-1618
-4986
-400
6731
5994
-5676
1303
6321
-9361
-6271
-4170
-1044
-6857
9051
-1662
1008
4197
-8116
7672
6445
-7459
9056
4734
3069
5978
3838
-33
6802
1673
-4994
-8823
-6225
21
4498
-9495
-265
8822
1809
-224
-6819
9259
5607
2137
-7599
4657
-5805
7131
2574
-3921
4802
-982
2342
7578
-2528
-4590
3556
-8690
9098
4078
2983
-5896
8976
-9521
7846
3473
-9016
1301
6015
6514
-8924
9196
5772
-9597
1333
8174
8781
5528
9025
1354
-4672
3826
-5908
7670
5125
1565
-6921
-1320
2875
-7824
-3522
-422
1
-4546
57
1567
-7353
4763
-7133
8663
1276
-2335
7858
-2952
-1932
2911
-1058
570
2160
-2034
-8077
7488
-4488
-263
8878
-5643
-8699
-8044
6758
7897
-2147
-6764
1195
-8425
-1310
-8748
6863
1337
9736
-6549
3720
1011
1116
5299
-8221
-7096
1930
4442
3474
-5911
-3872
9119
-4703
5362
-1145
-5826
9719
156
-149
6477
1773
-8575
9713
-7033
-3279
2123
-2060
-6417
-2820
-2325
-2966
-9100
-7593
-8130
9920
-2093
-5225
1849
-3930
8249
9660
2198
-8913
-5044
1280
-58
2852
999
-6182
-3577
1196
5591
1569
4629
-7721
8290
472
219
-8127
7652
-8385
2628
-7728
-2257
4499
-4088
5650
9274
7762
-4560
-8758
7421
7639
-7670
-3903
-1082
2272
8949
-6363
6091
-4628
8554
5402
-9339
3182
7681
8952
-6347
1621
-9176
-4974
3236
7173
1019
-9022
1671
6932
-9652
944
8414
-4211
5908
5834
-2852
8238
-8070
9787
4230
-5400
-6576
4041
3693
-4302
3164
4354
-7399
844
3305
-3746
-7536
7850
5001
9421
5023
-259
-9602
-3307
393
-5532
-8642
-1194
257
7266
-5361
-8875
9224
290
-9089
7174
4890
-1944
1215
-1418
3755
-5622
-7064
6356
8943
9962
-3670
-4872
7812
-4948
-5452
2834
4793
-5053
-6753
-1094
3136
-1674
7712
-2887
-4409
-3929
-1762
-1465
6361
-851
-4291
1251
-9074
6924
-6447
4681
-4978
-3511
4757
-6036
-3549
-8914
2813
-2017
-141
7362
-5463
-1628
-3971
-2216
7278
9165
9832
4989
-3723
-4578
-8941
8236
3958
-8859
-2616
9667
6113
-1690
-9690
9666
-3289
-947
-124
-8533
6738
-9953
-3725
-449
-1970
9855
-3088
2567
-1773
2941
-5929
-4496
5826
-6098
-5786
-7898
3046
-1006
-9663
724
135
1442
4111
-3753
-6527
8142
-366
3905
-2806
9510
9094
-6069
9557
-911
7203
1307
-1057
-5886
-2406
7170
-9225
1665
-3605
6601
9289
4330
-7577
2334
-6677
-3519
-3222
7180
7924
-9112
-2853
-4883
9030
6781
9022
-3777
-9990
-8165
3875
-6713
924
1078
4594
9868
8913
-7813
-9243
9689
7574
873
-9991
-9418
-4798
-7567
6637
-1474
-1086
-6586
-574
558
-5698
6573
9396
-2948
3354
-7862
6996
3364
-6027
4591
6652
8619
-4332
4966
-7794
-1698
-9126
-7037
1711
8448
7558
1720
9030
-7241
7874
5666
5006
509
9080
-5569
-5213
-2898
-8996
-5817
7875
8079
-3679
4870
5163
4015
-540
5535
2633
8850
501
4839
-2849
1375
-8477
-7418
3543
9081
4302
2572
-4440
5897
1958
-5713
-3595
4758
2439
4913
-4420
7164
9096
-6546
5242
-863
8324
405
-6848
-2217
-340
9506
353
-9840
4345
-8776
5256
9589
-6194
-1202
8669
-8171
-8631
-2051
7726
7048
2236
-2149
1805
-5325
-7237
7385
-4441
-4420
-5441
-9199
4717
-7118
4927
-8411
4387
-5414
-8905
-5261
-1532
9161
-4036
-6277
8749
3491
2522
-8863
5320
7612
2807
6766
4660
-4957
-5384
185
3439
1101
1291
8998
6681
5850
-6481
5118
-7547
-7834
6708
6840
-3247
-8477
-4701
8942
-5596
4984
-7336
-3127
-1525
5186
-1990
-6206
6519
-9184
-9440
1178
-420
-1103
-4917
-3261
-6282
6374
-542
-9602
5945
2977
9238
8398
8865
9666
5237
-662
-8812
-5744
-1721
-687
9241
943
6186
1436
-150
-2084
8951
-3632
2453
-6769
-8734
-7967
5850
-3651
2493
9568
-3556
-8050
9967
-7612
8649
9204
-5494
7513
8869
-6537
-3150
-6223
-2281
5129
3090
680
-3929
2996
-7885
9642
-9089
-5213
-3991
3364
-1982
996
9118
-6133
-8934
1611
-6565
1231
3561
-2878
3619
2209
46
-8155
-279
2635
-4692
-9709
6412
3027
5420
3222
-2572
-4788
-3783
3264
-5147
849
8051
4584
-5788
-210
-700
-6670
7378
366
8662
-9188
-8404
2222
1655
8936
-1848
-8300
-9220
-8407
4335
-3912
-8115
4467
-7164
-8975
1409
264
-3763
7626
-2752
4812
2195
-4701
3116
6408
5089
-7585
-6542
2466
6503
-4160
7000
8099
8062
-1346
-9245
-66
4076
-4744
5249
2131
5066
7134
319
7902
8159
-8273
1886
-1883
-6926
9134
-3351
5269
-1847
9765
5397
-6759
-7821
-7425
9429
8682
-1585
-9852
-9499
198
2523
-5023
-9869
-3402
233
5380
-7550
-4702
6234
2769
-3080
8114
8217
-7474
-3770
-8710
-8340
2879
6560
3534
6364
5677
6776
-7737
8253
9925
-5334
-3333
-9928
-4833
6865
2595
144
6997
-7086
-9624
6097
-915
-604
2331
-8147
6316
4165
-9931
8843
-9606
-4919
-5777
6994
-4639
7757
7078
-8963
8253
9341
9290
-8103
-5994
-4043
-8031
2894
-7179
8286
-6963
-6462
-5080
-2865
-6644
4005
-9749
9408
9579
6567
3572
-6632
9130
7687
-1551
-2927
8401
3810
-5170
5478
4848
-3197
4818
7858
-1299
8825
-6186
4391
1718
357
6397
8477
7616
-8684
-668
-5308
5321
-417
-5901
8620
-130
-8609
-8012
-1000
9078
4158
9794
7478
-2032
-5377
6676
-3464
5148
1494
-1886
-6152
4039
1929
-8041
-523
-3994
8357
1674
-2658
9673
-8995
2035
8715
4309
9855
7334
-5821
-8754
9322
6900
-9677
3480
6693
-8478
-4832
-4963
8198
5425
-9816
3412
-6462
-2247
1171
9188
-288
-9352
-1086
-1932
2322
9978
1462
7049
2012
176
1357
5587
-2491
9257
6833
552
9877
-9123
-2248
-9710
-3880
6641
-952
-1962
5786
2953
-8550
-6956
-9295
2621
-4047
4138
6990
4867
-4073
-688
8565
7389
81
576
-2436
-4842
-116
8794
-1864
-3284
3066
-1988
1314
-9183
-1698
7434
-8822
-8930
-4528
6964
4023
643
-9992
4728
-6737
-4039
2587
-9747
-5452
8514
3286
-6887
5902
-2913
7410
-2814
2245
-2707
-300
-9620
7731
-7234
2114
-956
-2696
-5864
199
-1517
-4793
9392
-4554
9230
34
-4546
7679
7018
5136
265
7271
9685
-1222
4277
-3482
-1600
-8637
-6073
9307
7330
4942
-994
-8570
2672
5493
7265
-4564
-7203
-8599
5635
1280
329
5026
6726
-442
-1220
-4099
957
-4202
-8964
-8779
-3211
-5559
3720
-8934
4680
-4160
-3850
8608
-4854
-2800
7270
7874
-1369
-59
3366
-384
9098
6163
1017
4733
-2558
-4934
3479
-2111
4625
-7741
3790
-4419
-1943
8547
524
4846
-3291
-5757
9633
-8612
3805
-4217
-6284
8951
6704
-9015
-9456
-945
4647
3911
8672
3745
3794
3409
-1523
-5043
8476
-4324
2846
3100
-2065
356
-7599
9713
-1098
6646
4559
5611
-5390
7912
-9280
8415
-2585
-5564
-8915
-5881
-4578
-8370
3174
-9932
5541
1845
7534
3055
-4746
-3990
8012
-2550
1687
857
-5730
-6658
-5067
392
-6945
3836
-2962
-8666
3167
1648
-7034
7608
3783
382
-7956
4868
8222
1187
6498
1395
4976
5759
-3039
2510
-1186
5936
-7760
-3175
-6615
3927
-8597
-2345
-9010
-3664
8047
-2234
-6108
-1195
2821
-9220
-5827
5787
8388
7956
-3832
-5848
6545
-5611
5339
6763
9506
315
2522
187
-3455
-4944
-157
-1215
5602
3228
-3567
7005
-5397
-2577
-2938
-3630
5189
4675
5176
-1991
5455
9349
-2484
7564
-8975
3685
-8285
-8710
-8206
-9225
8053
-4980
1090
4295
8928
-8645
9351
-1230
140
8674
-4282
6573
9399
4042
-6005
-3540
-9588
-7096
-5144
9309
4634
-9690
-7623
-7850
-8406
-6598
9556
-6690
-1587
-8651
-5915
-3534
91
8896
-9240
-982
-9750
-6168
-8491
4111
-3774
-2773
684
-4376
-8731
4679
5806
-4598
-8696
-9339
-5290
5938
-5308
-2913
-8192
-3713
4211
-8637
3318
-7377
-3566
-8877
2810
6525
-6261
7292
-737
-2290
-5156
772
-8180
1070
-8280
2504
6694
-3290
904
6220
2112
2208
6881
-9458
1866
-4706
1350
3675
1581
-719
5038
-5102
5626
-4808
-3979
2156
-8284
-240
-553
4701
7470
4291
-807
-6990
-919
913
5515
-504
-8657
139
-4285
7176
-7654
-3683
7718
7933
1611
2789
1607
-6809
-7931
366
1810
-8585
5558
7831
3572
-9005
1311
-3261
9417
2501
-8970
-1391
5511
111
-6757
4746
9607
-5414
-5116
-957
-8238
951
5360
-6800
-1116
-3030
9710
-5789
161
-4500
4577
-8030
-3085
3856
-6479
-5793
4851
8553
947
4267
4774
5698
-3404
284
-4192
-161
-1249
-864
8147
3635
8179
-6371
-1693
3538
-3171
7191
-5772
260
-8599
4389
5760
9700
-9921
-7326
7276
-2679
603
2126
-406
-8451
113
-5633
7247
-9571
8372
-3225
269
-2878
5911
-1585
-5522
7810
5765
2785
5068
-7407
3696
9296
2853
8818
7405
2333
-7763
-8796
8729
9513
-1475
-669
5359
-8161
880
-808
-3794
1847
-378
-5422
8622
9891
5421
8254
2026
9899
6063
-2210
6404
4852
4104
3820
4147
678
6359
5273
-6990
8596
6477
-8262
8109
-1277
4790
3467
562
-4331
-7341
6769
-8764
2281
-4933
9859
5892
-9513
-8168
1638
-5893
-8385
9428
-5769
6467
7252
8052
4335
-2071
4410
-393
4661
6726
-3917
6399
4834
8527
1189
2022
-911
-9422
8402
-422
-8185
4403
4645
-4606
294
8853
947
-8069
-7041
2562
-4921
912
2750
-7670
2684
-2916
3981
814
-9589
-1359
-2461
215
-1240
-3906
-1258
-6331
8116
7831
-2031
-9763
-2592
3505
4640
-4227
8899
-1346
-5375
3566
4306
-2415
-3873
-6895
-7783
-7403
-4565
4901
3402
-6864
-4286
3813
1777
6974
-5972
-9463
-6933
2770
-2073
-5097
600
5896
-4860
-8272
-600
-6500
-2499
2019
5875
2126
-4416
3901
-6569
5433
7006
-4352
8030
-3838
-5731
1432
-702
-17
-1035
-8925
678
2993
-4667
3745
-517
3260
8649
-9918
2877
-2491
-4469
-7724
4731
6753
4296
4326
-1121
9880
-1773
6031
5312
-1047
-4600
7063
5115
-331
2215
-5587
-6627
-8821
-791
4051
4173
8263
-2205
-6345
5243
164
-2541
-1881
-8606
6711
396
9846
3464
-1588
4171
-7658
-1709
-3882
-7907
-2676
5072
-2507
-1893
186
7163
-9679
8320
-9465
-8500
-2472
8307
9394
-4210
-3899
-6951
-5246
9987
4229
2873
-8620
939
-3011
-5054
-5598
5401
9117
465
-2587
-4765
6280
8458
-9694
-6228
-3436
492
-5345
-3115
-1188
-1089
2106
-9940
-2783
1500
-428
7040
8270
4326
7026
2498
919
-7874
-6564
7909
-2928
1560
7030
-91
-4255
-1837
5144
-7976
-3380
9171
-482
6905
3384
4173
-6211
-4084
-6916
9617
-4024
4022
1116
9269
1061
-615
3594
1807
-4397
-1766
3933
-961
-137
-5275
-5681
-3108
4635
3786
5056
-222
5810
-4604
2670
-4673
-7699
-3947
-6779
-189
1969
-3695
-573
-8335
-9674
-9458
-9066
5109
3648
8249
-3085
9251
-3518
-5431
2011
6345
-706
-9950
-3042
-6072
3836
-4266
7428
-354
4851
97
8694
7152
6150
-8086
-3037
1839
1940
-9890
3504
5988
-5626
4438
1096
8022
2687
-8269
-9007
-7111
-3700
3004
-7045
5595
3054
-87
-6757
-3110
9368
-5609
-9744
4218
4488
8950
1370
4358
-5415
-7947
-3804
6525
-7837
-6579
2512
-3463
7859
-6393
-1720
4266
-4661
-727
7156
5360
-7724
-9890
954
9051
3744
7919
-4060
3111
-7691
-83
-2672
-9482
-1133
-7582
4876
7173
-1808
-5207
3697
356
-1786
-3791
-9387
-207
3537
-1107
-5941
-7404
8166
-5065
7957
-9559
-4955
2631
9493
-7491
549
-847
5620
6580
9071
-3332
7098
1658
2808
1973
-1170
-9001
-9514
-3753
1355
2421
2456
1969
-4065
-286
-9139
3715
2310
-7252
8650
3987
-6811
-2585
-3382
-3598
-76
-9113
9277
-736
7467
-7933
5932
4564
3725
-1261
258
-3725
-261
4465
6243
-5186
-3114
2420
-9497
6542
-7867
-4914
256
8164
-2166
-1095
2151
1023
-9960
-7511
-8854
3685
-6624
-9578
-7052
-9157
-7511
8880
9128
9935
1340
-615
-70
-5201
-6150
-3828
-387
4457
-7688
3838
998
-5555
8924
-8747
-3670
-3243
3879
-7799
-8500
7640
-5310
-7354
1324
-1934
-3211
4272
2630
-722
6872
1758
2933
1932
-5137
-3417
6731
-1287
6477
65
-3110
8789
-6098
7888
-3045
-3454
-7139
3285
3303
-9540
5486
4803
8100
-6104
-8830
-577
5683
-2041
-2585
-1687
-9042
-5713
-6209
3891
9940
-1346
-5805
6671
7368
-9329
456
-2022
-6820
8079
-413
135
-5376
2448
-2860
7927
6630
-3654
6450
4729
242
7620
-2127
-4075
-4421
5288
7959
-3463
-6705
-8251
-5852
-6765
403
-1657
-6374
1491
2735
7803
9470
5916
5881
-944
-229
-5775
-8497
6912
-7849
8133
-6743
-7679
6583
7221
9942
-5545
-3134
-759
-6537
-5176
5778
480
-3427
-6354
7436
6976
5711
-8939
-1533
-1555
-7416
-2064
-1919
8465
6992
7853
-7311
-7785
8485
-1439
-5931
-4538
4603
-5628
-3597
4544
-1173
3269
-6216
6011
8093
-6718
211
-5335
-3071
-2354
-8359
-7361
2428
108
4805
5012
-8236
-3393
7197
8756
-5541
-6394
-5309
-3336
2167
-1240
5847
-3230
6853
-7750
-4966
-4321
5519
-1181
-4589
3612
5822
5622
8277
-7250
-3011
-6362
-890
9417
3746
-2364
4429
5510
4243
5346
7986
-7578
8953
-3602
-914
1119
8879
-5068
-8391
5732
-2818
365
-4869
-3578
-7096
542
-9967
8726
-115
-7970
-4803
6874
-4331
4307
-9990
-6865
-4337
4439
-7634
9906
-215
-9649
-7673
-1263
470
5134
-6424
-651
-6213
-1093
-1199
4690
9272
3932
-8889
-7825
-1805
-5135
-9100
-8200
-3104
-182
8674
2565
-5875
8684
5700
3509
6844
8066
3415
349
-7862
9463
-7194
6329
8318
103
-4323
-4175
-7270
4478
-9486
-7999
2131
-4653
-2103
-9675
3933
2519
-7875
-9172
-7664
-5481
7114
182
-3077
6535
-6309
-2513
8321
7106
-8444
-9542
-9712
-1917
6788
8606
8187
-3815
-5570
-9084
-5616
-1334
-3361
6515
7734
8257
-9440
1666
775
-7315
2495
3112
925
3329
-2986
7848
-137
705
-944
-1816
1531
612
2363
1820
8696
-850
4146
-9398
9057
-7703
-4761
-6560
963
1878
9955
-1304
3856
-5765
-5918
-5370
-3080
6577
-8538
-8435
-94
-1523
-6867
-6511
9182
2189
1673
713
-3478
-5964
-3747
-1062
6907
-5881
-460
5963
-3584
4779
-6877
-8901
378
-3202
-205
-5767
1033
3878
2584
-8327
4175
4047
-6762
-2199
-3756
93
1291
-4575
-7719
-3316
9859
2524
720
-168
-8539
1348
3952
4722
1031
-9633
-499
4155
-8533
-6401
-9048
4983
1553
1986
2581
-5864
7380
477
-8097
-9382
8278
-1853
711
3289
7294
6713
9974
-9128
2958
4414
705
4419
-518
-1623
-859
-9487
2465
-7638
4668
7653
-318
9341
6357
-8766
1326
2658
-4630
-1294
-6866
995
3045
-4867
9142
-2524
-7858
6435
-2091
-4164
-8972
-9134
-6029
5454
9007
3453
-6170
1868
3966
-9985
7951
2354
7669
-2368
1695
4025
-1134
-3259
-3318
7957
9168
3538
-1049
5933
8671
1814
-6592
-5467
1969
1318
370
2997
5905
4341
-1550
4911
-2207
6001
499
-4520
6017
-1551
-8446
3685
9802
3249
1430
2388
-6289
-8168
345
-7122
5370
-6984
8812
7761
8551
-4060
-7706
520
-9022
2664
-6484
6884
725
5688
5515
8518
1688
-265
-2282
-2296
8184
-727
-4891
-8294
-3758
6539
4094
-47
8372
-1841
6553
3741
4897
5364
5223
3447
-4976
7517
-6034
-3997
3901
1204
-7114
-5375
-3109
-7879
-3137
-7701
1856
8303
4
3761
-2425
5113
5467
7538
5373
-440
-2509
3744
-8560
-2236
1205
6337
-3152
-3573
-217
1872
-2336
7471
7875
-4715
-1326
-5519
3631
9286
-3397
-9506
-8416
-7821
8797
1588
5940
92
422
1406
1350
-4206
-5313
-7439
-6742
-3873
325
4463
-7537
7173
-5389
2246
-955
5996
-284
640
-8719
-7890
5122
4912
-8605
-4555
9127
-7020
-2376
-8357
8289
-6436
5456
2431
8691
-3194
-8055
-6623
-633
-4797
-496
9693
-6613
5688
-9415
1719
1655
-370
1435
-8630
-6009
2716
-2798
-7167
1349
-1403
-1722
4196
5298
9623
9561
7308
-3093
5016
-262
-4402
-4458
1684
2696
4910
-9393
-4079
8323
-6006
-8392
-7372
9434
3263
2259
869
8355
9971
-2695
-4444
-7197
-7626
7874
1081
6571
3172
4424
6131
479
-8669
4867
-6063
650
-9591
9342
-6655
9040
9950
2987
-8918
-2336
4596
-6290
-2902
1579
9690
7967
3654
9660
-1008
9210
-3817
1367
-9196
-9016
-2063
7697
5409
-2212
1896
-9540
-3625
5833
1110
505
5175
8176
-456
8845
1163
4347
-3492
-521
-8222
7327
-8943
-8533
9014
4712
-5152
-1994
7642
1031
9373
8446
2016
1030
9863
1145
-7462
1758
1605
2634
-2409
-7286
-6861
-3514
-5390
6404
-949
5773
751
5559
-4749
2529
6607
30
7717
5620
-5259
-3715
-2654
-3897
7317
439
-1730
3053
-4811
-1868
-5803
-2273
9891
9523
-9639
1202
-7764
-6500
7688
-3154
9904
459
-3660
4375
-262
1591
624
-3656
-4659
-1659
-4315
82
8347
3031
9907
9384
-2809
-1824
2436
2380
6308
-9647
-9893
6198
9876
-5811
1120
-4168
1410
-1193
6400
5034
-7014
-7261
3130
2725
8051
-6247
9069
-6608
5815
-5247
7195
4162
-8495
7101
3545
-1304
-1003
-298
-8925
-4695
3776
-5097
-4777
7373
2813
6344
-6796
-2057
-1129
-6676
-7023
1858
-3937
9828
-5418
-2165
-6420
-2629
4948
-6884
5846
2142
7278
-8929
2964
4543
-233
-8040
-2035
4563
986
-8259
-6813
9931
-7166
9721
6274
-3962
-2336
-1135
-637
4362
-5557
9147
4189
2746
702
-8511
-9883
-4351
-5395
5963
-8488
-4397
7034
4476
-9854
521
-9844
1832
-1196
4864
7294
5712
4794
-9873
5433
4788
-3834
-3183
-6348
9250
-8822
-1904
-7884
9088
-5438
2819
-9424
-5321
-7812
-1097
-9359
-6300
4506
-8605
-8104
8373
5637
-7947
205
-5559
-9363
-2502
-9848
5431
-2374
9306
218
7513
-3878
7591
-9518
1021
-593
-3681
3829
3970
9138
8127
8649
-4953
-2971
-6989
-1253
-8466
-1873
644
9908
-6236
6418
3833
-1795
7055
-4949
2078
2485
6398
1384
-3577
7631
-8774
-5987
8113
2248
3421
-1847
-203
-2610
1011
-2077
-241
6058
4952
2770
-5195
-9793
-9103
9170
-6165
-1618
9308
7668
6587
6362
-3561
2385
2567
-7163
-2511
8990
-9533
-1284
-3277
-7699
-5316
-6136
454
4481
1254
-8536
-7596
-5266
7523
-8924
7504
-3952
-8717
-7879
-4783
-1161
503
-5476
227
810
-5394
6667
-3084
7173
9504
4405
9883
9971
-3159
326
-7729
1525
4191
2725
-273
-835
7911
5852
3899
5433
-9352
5124
-8520
-4347
-9035
418
4492
1469
4942
-5281
-4001
9548
-8615
6636
-9560
-9112
1041
-5957
-5421
-8398
4369
572
6849
-1441
-6704
-3425
7725
-8794
-3853
5344
-9641
-3205
467
-8161
2448
1433
2257
661
-3378
919
5380
6342
4187
6765
2978
4627
-8627
-2261
8670
-327
-659
3039
-9756
-3811
-4682
-6459
6485
-3237
-1532
-7369
-7893
2549
3148
6295
8109
-4405
-2273
4087
6256
8070
-4995
5356
4412
9193
5841
-2611
7540
7214
8849
6210
-3113
-1811
2969
-2869
4379
-7993
4393
4584
2492
-3418
7216
4599
9131
363
4614
7239
9679
-7659
1325
5935
-5869
-9949
5011
8543
9244
852
-348
-9497
-1935
-1500
-9567
8673
-9590
3402
-475
8510
9131
-2362
3093
1622
4220
4029
-59
7071
-5609
-5446
8031
-2209
616
-645
-2554
4748
3127
-7544
7011
6091
3308
-3337
6595
-4906
8884
7028
-6234
-6986
4151
7012
-8477
3281
-5350
8338
-1377
-7410
2366
8564
9662
-9522
-6883
7692
-1731
3734
767
5715
-1519
-6106
8171
-4509
9985
1479
5875
-9701
6573
8480
7328
-5941
-8507
5199
-8929
-3262
-1521
-558
-4925
7102
2032
-8839
5665
1693
-8361
-7498
3105
3629
6236
-6128
-657
-1563
1487
1235
7650
5192
-3566
3524
5492
-6994
2003
6540
786
7218
1738
5578
-6045
-6063
-1260
2751
-8962
-9228
3912
-9577
6186
9273
-7075
-709
2901
-7118
6884
-4035
1319
-1630
7200
-1032
-6439
-6367
-3787
9053
360
-8064
5592
-5134
9154
1050
-5835
-3171
4987
2905
9580
9746
3677
7213
-9832
3584
-9795
-3185
-7126
6827
3418
9758
-7209
-5264
-1873
-6289
7426
5409
1065
-2641
4462
-4855
-705
3774
12
-1551
-1455
4177
8999
-6469
802
8579
-6723
-1800
9512
-2834
-8217
9717
3981
-5343
6543
-2602
-1865
9335
5856
9983
-3234
7002
5391
7832
-5640
3573
-7024
3655
1068
6709
-4176
9613
4606
-5177
-6857
-4592
-2878
-3580
7329
-3367
3587
9112
-3651
1288
-2511
-3388
-7593
5624
-333
8263
9327
6434
5264
4717
4265
-6656
2011
-9039
6999
-6922
-8609
-3456
-7310
5997
5088
-446
-4875
-7791
9696
-7547
2563
7003
-8436
-7368
-1710
2774
-756
697
2118
8912
2680
1444
5345
-2057
-118
3330
5008
-8108
8012
5728
-5030
9403
-7729
1381
9121
-8921
-9066
-2034
-6712
-9371
420
9572
7632
5705
-7797
-357
-1521
5168
-5940
-9404
4079
6741
5762
3144
-1596
-4357
194
-6588
-2465
1927
9140
6226
5050
-4869
-2394
7891
-3790
2261
-4143
3219
6612
9998
2790
7964
5702
8714
-2394
-2099
3881
1667
2219
1681
-1593
-2020
-1455
6811
7344
8740
-6057
-5122
4387
-6918
-5176
3157
-1787
2430
1048
8144
-5310
6905
1362
-4978
-9378
-5849
-7014
6324
-3415
592
-2054
-9534
-7742
-6115
5868
4386
5586
-5588
4918
2929
-3128
8861
-8473
-8742
-4336
-3649
4416
7598
-7499
-816
5742
912
-191
824
5935
431
8697
8921
475
-4719
-488
8421
-532
5492
-3974
-4665
3598
-8389
-252
2236
8261
6620
4818
-6492
-8401
-9519
-141
9736
-8201
6081
2640
-8739
-3007
-7552
2086
-7073
2879
782
-4432
-6647
9784
5080
-4505
-748
4292
1521
8308
1611
6854
-1945
-6154
8835
-1604
8664
-7657
3716
-7135
5923
7172
-5335
2004
-189
-353
8997
2259
-8268
-4356
-4863
6235
1212
2211
9740
12
7706
2712
-1975
2948
1019
9636
3522
-7205
-2798
2356
4912
-4134
8420
-1373
2452
4343
-481
-9163
-3654
9330
485
-937
5309
5938
4707
-5834
5894
-361
6377
9354
9651
7804
2065
-2325
4472
-6917
1031
-2007
-401
8234
-5931
-5490
-2180
-3790
6858
-9729
-9448
-3624
-8891
619
-4295
5315
9682
-5266
1252
8109
-1100
866
-2253
-4723
219
1118
-3199
-7717
8794
-8728
-912
3545
2986
8687
1778
-9225
-3082
9598
-3015
-6225
9870
-2463
152
-5301
8156
9578
-9987
-8443
-5688
4986
-6614
3212
-427
1133
-7791
9792
-4028
-990
-4204
-1514
282
8605
-7970
-3012
7291
3809
-2236
-2071
7127
4749
1705
6996
-3993
-4423
-4585
-2117
-4846
-851
-559
3187
-5865
2827
-3601
3708
-2319
2329
7220
7374
-8661
-3264
-4141
5342
-4660
-2111
-3949
-3648
-4582
3815
4281
-7455
2284
-4015
-6739
8291
1562
-1323
-3826
-9563
7826
9336
3624
-4319
5883
-6257
-6891
-2716
9794
-9671
-5343
-8868
786
4237
-9806
6127
-7874
-3755
-3801
1265
-6220
-9521
3810
6065
186
-9208
8076
-4532
-531
-5751
-374
1015
-2695
-6750
6697
-3091
714
-6474
4193
507
-2424
-7429
5360
8363
6808
9276
4489
8934
-4480
-9313
3920
-699
-5113
-2271
-914
5073
-1479
-2839
-5738
-8290
5132
3888
6447
-7564
-9142
3143
-655
1573
-9611
-2741
-4200
-2034
-170
-5119
-3672
-3363
-5844
-5463
-708
3397
-1055
-6789
-3582
3832
4661
5504
2626
-3097
-3614
6888
2334
-8483
4496
-1220
-2326
5355
-4357
7020
648
-3967
-2001
6448
3999
7829
-4951
-9674
-1814
-795
-1416
7478
-3677
7529
-5591
2741
5081
9071
-1755
-2294
-306
4631
-1686
-7973
9869
-7190
808
-2458
8165
6451
-1718
-1188
-3796
6281
-1020
-9798
4109
4030
-5751
-7705
-3045
6554
-6507
3278
4082
-2097
-3981
-837
694
7985
-9411
-9613
6336
-1096
-3865
6204
1714
6943
-6255
3599
7115
2028
-3869
-2961
-1692
5111
-2758
-3862
2861
5212
2154
-6463
1766
5647
-9465
-432
-2730
275
8731
-8316
-1741
-6959
-4208
-5406
1945
1928
-5482
-2621
-1130
-1736
-5302
-295
-5988
829
6745
6041
-340
-2293
-7822
-7479
-3361
4332
-221
-7875
3700
314
1694
-5310
-9411
4145
-3625
-1152
7186
2167
7164
-870
-5906
-4598
-9771
6686
3666
-5073
111
-8602
5756
-3145
7440
-4584
8283
9618
1658
-5078
7671
-8564
-2953
5091
5471
-7539
9781
6060
6607
-3845
-1371
3792
-7957
-487
-3357
-3863
4915
593
-3457
2302
5521
6655
7421
4997
-2770
4860
-5867
-4487
8199
9512
4156
5869
-5332
-8798
959
-9861
-2615
4460
9920
-6009
-9385
2269
-8497
-7342
-8219
1867
2516
-9583
-7540
9060
6440
-8299
9435
3860
-9582
-3336
-1280
-1727
2177
639
-2216
-3668
228
6174
1256
-5093
-9967
8641
9367
-6327
-3648
9982
5943
-2145
-3640
-8556
9723
-7403
-8139
-4097
-8344
8301
-2396
-8910
5882
1743
1475
-1678
-9985
-6348
8961
1521
3705
-812
-2306
-1319
4095
1448
-2679
3461
5121
7394
7164
1063
-4751
-2756
2508
-1308
-159
8090
8316
5218
-9889
-360
-9972
5993
-8618
1504
-5686
-4881
8877
-6726
6640
2581
6183
-1946
-5017
277
9502
2304
-6263
8343
3419
-5379
3127
8668
1866
-645
1080
-4573
-2556
-605
-9355
1276
9035
-9327
-2732
-5863
5898
5303
-744
4774
-7703
-4105
1076
8480
7670
6059
2477
-9109
2083
9936
9235
-4499
-5444
2361
-2111
-9858
-4564
8969
-4430
2880
2084
-3785
-2123
4839
609
8866
8977
-3493
4169
-1768
-4999
-9814
7849
6077
8667
5518
5856
1143
-9870
-2061
4799
9365
3440
9356
5446
-4950
9498
-5398
-5982
-1212
7482
9824
5003
-921
4662
-667
-2055
7359
9561
-7887
-4409
-5439
-3980
-2840
-5641
-5314
-7323
-9786
9551
-3472
1874
4349
-4108
-4686
7425
-4942
4085
-9357
-340
-8177
-569
863
-8354
-1845
9942
-9971
7488
-2114
7388
-9232
3720
-3301
-950
9741
3859
3409
-1853
-9743
7345
1418
-3215
-782
-512
6399
8253
633
-4823
6058
1276
4838
7882
-9293
-579
9528
-1138
3083
9557
-3651
-5310
-9335
838
8410
-2636
9888
-8130
-8777
3297
3739
-4799
4362
-4844
1986
-2700
8365
-1616
-726
-1002
3562
-4669
-9727
2120
-6788
-9020
-4739
-3539
3563
8344
-262
-6368
-6967
403
4470
-4836
-8512
4358
-2966
-7289
1375
-9228
1633
-4264
-350
-6382
6757
-1986
5724
-3970
-9268
3006
5083
-8994
-4875
-7985
-4293
4107
-1524
9271
2450
8215
-7098
9205
2338
-8907
-1911
3826
5451
5123
-9743
-3175
9617
1890
6282
2987
5509
3038
-5279
4953
-7211
-4546
-2042
-8408
181
6804
-6393
9609
910
2084
-7401
-2920
4019
-777
5
-3644
316
8094
-9818
-4234
3217
-9561
2591
6554
2330
-1128
3261
1559
-4370
7982
-3489
2140
-2844
4469
3732
7337
1272
7340
-9334
-4098
3144
-6735
2982
-2838
2488
-7013
7239
-3476
-8920
7421
2290
8018
-8419
-1399
8292
3911
-8807
1552
-4531
-3176
3255
5701
8964
-9590
169
2696
-8532
-4839
3756
-7866
1063
-3101
-880
-5956
7782
-4671
752
5020
1853
5554
6162
-5857
7292
7743
2744
5584
1653
3938
856
-9158
-5518
-5890
6543
-6555
-5479
432
9862
-290
5593
7338
1844
-3345
-2043
-5316
4420
-4262
13
-1107
-5521
-8134
-5554
-9360
-270
-8263
8383
-7527
-8959
3756
-9869
1898
4598
-5387
6008
4861
1780
-5751
-4708
5362
3959
-9116
2700
-477
1260
-9344
4208
-600
116
-5780
8293
8316
-193
-3541
8956
9537
1918
-8942
-4269
2959
4814
-4138
-5144
3132
4197
-5415
1713
-303
-1166
7005
-4942
-7207
-8391
-8522
2316
6590
-4144
244
-4011
5972
8186
-1997
4287
-2008
8183
6963
-2471
100
8021
6981
-6941
6555
-7158
1636
3407
-9241
6221
-4881
456
-4945
-7877
5515
1569
-2547
6993
-2395
-2237
-7152
7850
7473
-7460
6035
-4525
-9453
-2253
-2621
7510
8997
7479
9251
5977
-5742
9526
-7460
9616
2932
-6701
5836
8051
7477
-5389
-6106
6712
9901
5068
7425
-2494
-7170
-6006
-924
-9697
-3466
-1169
-4222
803
6578
6878
-1688
9296
4357
1284
8993
-7665
809
-8468
-8050
-6259
-1447
-8493
-4488
-250
-161
-593
-3539
-260
-5526
-6115
-9034
-2695
-2121
42
-2392
4414
-7407
7107
-1063
-7109
7706
7249
-7814
2062
2253
-8821
8118
-3217
-3568
-9932
4245
4985
-4704
9757
-5266
5135
2884
4916
-5126
-8921
8802
-439
-1616
-3320
-6677
9713
-5186
-4084
-9461
3751
-1192
8245
4721
4715
4027
694
5894
2145
7477
-7674
5934
1721
-8969
-8771
5199
-513
6364
-1918
-5598
-5041
-839
-6797
8241
-8735
3605
-8436
-5302
8419
-2520
-4762
5891
-9992
-2797
4332
4724
-5049
-4975
617
7096
-7498
6664
6750
7944
-8584
7979
3142
903
8063
-8776
5305
-3258
4106
-7771
-5017
5372
5834
268
-9931
7973
7748
-972
7584
-8523
9953
1915
6201
-5097
6941
538
-4281
-6837
-2798
-7532
-8894
2339
-5833
4249
-6759
-4050
9194
-7734
6414
3299
-1784
-4883
2391
-2230
5385
2461
-4257
6853
-4791
-2953
8330
-4839
8963
8251
3785
9624
-1211
-6776
-7214
9712
-587
-6108
2050
3580
-8139
9012
-6749
-8946
-8723
9665
4354
-506
-5219
-3256
7264
-6114
-7075
-3273
-9262
1856
3775
-7211
-9263
6458
-8961
8244
6081
-172
-8533
8867
3260
881
-3521
-4691
-5540
-1659
-5680
1432
-605
-681
1096
-2531
8813
9598
7935
9797
-6517
-5420
-3476
-2057
6436
-5981
732
-9106
-9524
5492
9138
6557
-959
-9396
9144
-7700
1485
-657
-2390
9667
7684
5651
1098
800
-5031
-4085
8269
-6219
-767
9924
-2701
6438
-5496
3823
-1899
-5340
7842
-7447
-4446
-7962
8045
-5309
-7685
-2915
-983
-8542
-614
-5778
4522
-9284
-6112
2206
-9913
8708
-6995
-4943
-1657
-5006
2559
-8704
-5082
9858
7734
3143
7401
-4166
7803
5242
-1613
-2922
-9000
153
5490
-6685
-9042
-5494
-1506
4065
-1271
-6984
4781
6338
5222
8590
8766
-8053
-6354
-2892
-3059
9926
-1595
5580
9784
-141
-1278
-9096
9415
246
6147
-2199
7324
-9133
-8326
2813
-5817
-7367
-8960
2677
6698
3490
5693
5200
3548
914
3789
2314
6582
-8845
-6858
-6477
-8920
5268
9103
-5416
-4873
1546
-4511
-1738
-8209
-4644
6063
9115
-3777
-8542
5648
406
-5909
-9592
-6917
-5491
7619
-7504
-6571
1167
7132
7218
-2799
3713
8373
4064
7236
-6826
-668
-9941
-2242
8180
1605
6968
-3559
3396
-7677
-3776
6231
2268
1403
5599
-7327
5494
9729
-523
-6276
7347
1974
-2847
2234
-895
-1908
-6845
-7183
185
7220
-6226
3359
272
-2446
-5162
2172
9159
-4474
8613
6275
-2150
-1443
6226
-6162
9961
1824
-3489
9175
5273
9710
-7102
6341
5404
3773
-1426
-1771
-8136
1730
4767
5770
2670
8541
2850
-7059
-3906
7688
5113
-1027
-6787
7446
-4753
4784
-3998
-4807
8622
-317
-9262
-1146
-1142
6011
2284
5477
2351
-2313
2970
-5354
9637
8555
-9904
4403
4325
2766
6665
-2826
9428
-7242
-1418
8261
5453
5516
5706
-5580
300
-4572
-386
2642
8833
352
-4784
1411
83
7500
-3113
-3845
-1093
-6422
801
-1457
-7868
897
-3333
-9823
-2617
-6669
1072
531
-190
9654
-1209
-4738
5170
-1783
-317
-810
7366
-6983
-4448
6198
7090
769
-2392
-2828
1989
8217
3327
-5383
-8206
-5873
6881
-2353
8745
-6453
1546
-152
-3122
-7383
-9622
6689
-7729
2890
-4329
-8839
-8894
5354
4072
8473
-7909
9624
4670
9181
4113
-4001
-3647
-3898
-5785
9680
4440
-270
-2472
1320
-8903
-7
4868
2643
9842
-4534
5261
-6060
-4125
-8748
6831
1547
-3866
7937
621
-9795
-9871
2713
9829
8521
5614
3942
-5481
-8034
-6236
-1266
-4633
8204
-7816
6616
3244
-6719
-3392
1832
5925
170
7299
4906
7832
-3106
6158
4662
8441
-7709
6319
2783
-3783
6449
-784
-3955
8690
-5171
-6293
-6792
-3204
-2529
5663
5884
-605
-8433
2499
-7361
-5152
-7173
8192
-5507
6719
9211
9399
4550
-3895
9277
-789
-1734
-4712
-750
-8952
1505
-581
264
7551
-1892
5094
-5022
5037
-4390
2450
4420
-4786
-4435
5987
7713
1925
-9165
-5740
117
-4672
-9022
-673
-1552
9249
9153
-2276
2180
-2581
6734
-8570
-1533
-1762
849
8732
-491
-7322
7546
4488
7715
-3124
658
2135
2090
9944
-1879
3523
1869
2677
7783
-4294
-8274
-7518
8754
174
-8270
7907
-8382
7632
-954
-7928
9062
7513
4032
3631
9965
-6460
6309
-8770
-8252
7745
-1894
6127
3600
-9805
9792
-4559
3718
5381
8119
5222
-5193
-6435
7704
-6440
3739
-6846
-4813
9078
-9215
4233
-8850
-6433
5467
8903
7199
5431
-7558
7228
-9618
-2088
4972
-1512
-2241
-1429
-1316
-2450
4013
-3878
-3349
5852
-8657
1458
9417
-7233
5019
6876
-4078
-6074
5953
428
-8120
-9177
3996
7347
9726
1194
6498
-4111
-1579
6880
7522
-2886
-4632
-999
5685
7773
-9728
3418
-2385
-3077
-731
-1041
-7898
2406
1726
7121
-719
-8632
-5233
-1045
1797
-3353
3499
-4208
-6007
6946
-9294
-5788
-3445
2848
-8909
-5924
9962
180
6798
9368
1673
7070
2785
9289
-2286
-4225
-1753
-184
8181
-6307
657
1183
-4938
9145
-9863
6859
-4208
7357
-3629
3506
4302
-2923
7718
-9144
9925
-7470
-1347
9887
2710
-4549
9254
-5617
-3759
5759
-6329
7676
-4746
5639
-2509
-2844
9332
-8132
8339
-5607
-8987
-7804
-5028
526
9553
1343
-2248
3855
8420
-4530
8432
-7935
1721
-2915
-8049
-1849
6257
-5075
2534
-7503
-5596
9926
-6106
-341
9285
5106
6815
-7663
6975
8874
451
-8292
-8931
5424
5955
-5658
-3234
-6294
-8083
-1093
2897
-9651
4693
-5383
-2566
6644
2769
-2589
-4711
-977
-92
3414
2670
7523
-6928
1954
2629
-6393
4291
3324
-7520
-1537
5032
-2730
-6114
986
5334
4373
4692
7251
-3000
-2411
7600
-8308
5927
-1246
-7944
-1305
6165
-2655
-8561
-206
-9241
4109
-2684
-2448
-217
-6335
4881
-2205
6989
7361
6258
5741
-1648
-9857
-3274
-6315
4516
-4861
-9065
-4763
6449
-7744
-3071
6096
4731
-1014
-5209
896
-9949
-3770
-5590
-5469
-5941
5447
2084
3842
9113
-3036
-8364
6101
-1955
-8386
1842
-9883
-8243
-7712
-2477
9995
1148
-1541
-4769
1317
4436
2160
-2587
-834
-5134
5925
-6218
-5082
-4125
-1808
-551
3655
-6361
-4747
-2504
-3528
5938
2854
-3707
-6017
4468
8135
-2179
9947
-5856
5345
9941
9013
-2476
-1108
330
-8041
-5228
-8537
4846
-361
-8892
-7651
4557
-3017
541
-2274
-9363
7901
2980
1854
-1907
2638
-1572
4387
-9659
-7104
6242
-1837
-7158
-9615
-6493
-3497
9399
4752
9116
3449
6711
-6113
8633
5277
7247
9741
7626
5524
444
1888
-6750
4802
3509
9951
-3345
-8398
2588
5084
5989
2930
-8300
2230
-8908
-1737
6337
-1680
8487
9456
-6929
7602
2904
-6498
-4791
5257
-7501
-7544
4997
-9875
7980
-839
5734
-8771
-6038
-758
-5100
4338
4565
7489
3142
4274
4139
4842
225
8952
-6896
-3439
992
-4689
-3984
4063
-7088
-7360
-8715
-1878
-8383
-6216
578
6614
-2370
2278
-505
-2916
3508
3457
-9953
-7872
-2206
4612
9617
-9064
2607
7476
9499
-7169
6427
-3676
-608
-2582
1635
9129
-4799
4548
-8232
-3514
-3610
-2894
3992
-9312
-6281
-4658
2966
3214
2427
194
391
2474
2323
-8095
806
5660
-7159
-6588
3136
-7660
-3757
3283
2385
9356
-9299
-5981
8484
-377
-7713
-6028
9831
-1323
1078
3822
-635
8518
-7116
-7669
5452
5311
6246
-4158
1505
-1432
-2252
-3968
-5772
4310
3165
-8916
-9630
9409
4367
2755
-7516
8789
6775
-5311
-1588
-7218
-1339
-1758
1460
-6540
-7937
-5455
-4302
-5053
597
-8850
-6021
-3157
713
9205
5411
-7819
-4764
-6641
6492
8402
-5557
-9418
-8470
8811
3338
-2265
7599
3833
2424
-3990
-9665
-8915
4252
1795
-1734
-9965
6341
3964
-1296
658
5114
6404
7501
-452
5608
2912
1729
-5435
6271
1941
-3313
-9286
2524
-1783
-6755
-418
5952
-9157
-2865
2097
575
-2530
3182
-5174
-7014
-4832
-1417
9327
9132
-8993
-16
7967
7411
1206
-2486
6739
-5883
-7037
-4976
-5892
4905
1711
-1457
1149
-6352
1788
-9270
-6679
2632
1586
5418
-6794
9056
2320
1753
-7959
7488
-5944
-4912
6619
-4937
8794
8306
-3806
-1
-460
-3346
7837
2504
1678
-8056
1129
-6611
488
-7723
758
-7725
-3272
4079
8628
8314
-504
-4446
-8911
-4464
-8972
-3148
-6977
-4916
1940
-6637
3869
4454
-8332
-6217
-5548
1209
437
-3991
-2567
-4164
-2046
8562
2946
-7838
-5441
-6297
-5563
1287
-8497
-3214
3321
4720
2340
8131
-9744
3368
-5018
-6721
-7827
-9357
-3358
6042
5097
2032
-6455
-6730
-6760
3983
-721
4394
9819
7233
2955
6485
9395
-8766
-9813
-2447
2521
-8310
4339
-438
6411
399
-2308
6667
-6233
2675
-6334
-339
3318
4030
-4298
2135
-3939
-753
5405
3022
-3050
-5316
-2585
489
-8084
-5910
-3027
-4968
-4676
882
6306
-8435
2572
644
1127
2703
-8958
-7461
3090
-1470
8935
6757
-8089
5973
786
-2387
-1892
-9433
-9419
-6488
3589
1252
-1804
-8997
-4538
3834
-4907
2435
-7414
4138
-6684
8892
5703
9610
3256
-3171
6033
8019
3089
2844
-3451
2024
-400
-1540
-2004
-5894
9795
6104
-5327
-5904
9617
-8018
9069
1533
-7015
-5470
-913
1799
6966
1673
-343
-5998
564
-4641
-2668
-6181
5909
-2914
-8162
-1003
9930
2108
-8980
3250
-5712
-983
-8924
-2197
-4880
-4251
5620
-1543
1452
4689
-6289
8158
9219
2798
-44
9905
-1808
9613
-2372
-7524
-1308
8681
17
-5400
-4234
5576
3597
-584
1404
4618
-7335
9413
-2645
-6259
-2784
2475
3211
-3444
-5347
-5338
-8756
2085
-7181
-5816
-5118
6496
-2191
6795
9829
9158
9272
-1480
7839
-712
3120
-2675
-1416
438
6742
9988
-4945
-6873
9400
6131
-3131
336
-1395
-6200
6893
6979
-1537
-8143
-937
5003
-238
7667
1499
7572
4461
5048
-9551
7453
-6432
-7992
461
-9592
3055
9045
846
3517
9032
9622
6644
-7848
5752
-2767
2488
-1922
1034
-620
-1223
-6783
1238
7841
8220
-5280
9228
3439
-7709
3688
-1513
-3538
4862
5776
-1530
-4678
6184
-8476
-5633
751
5041
-6602
372
5406
-729
-155
-7362
-8241
7923
7393
1139
-3301
-5670
-3903
-1740
-3729
4539
-2513
9710
-9450
-5104
1917
-2988
9758
1413
9204
-4921
-2403
-9273
-554
-7932
9490
6566
2440
8616
-4164
-7716
-5026
1316
-6073
-3912
-3824
627
418
2273
-7393
6689
532
95
-9881
1083
4991
5757
8095
8469
-2830
7298
-6453
8488
-8254
6715
-9445
-5044
7001
2995
-6429
-3443
9001
2266
7874
-7073
8354
-5951
7275
-1228
-9958
9883
-4540
575
3698
-700
-8343
2409
-4943
9752
877
5948
-9230
8145
4435
-7484
4859
4990
1193
1859
1705
4764
8417
4426
-2971
-9990
7354
-896
-5941
8349
7876
-5899
8231
-2944
4676
5649
-9923
-9947
-1943
-4866
9806
8934
-5198
-5704
7079
9237
-3188
1937
7947
8005
-2483
-349
6489
-346
-2202
-2762
-336
-4849
6342
7444
-2780
7938
-8456
-828
-5006
9942
-5180
-4929
9995
2878
3926
-6480
1811
8728
-2184
2610
-8316
8349
-1732
9631
-9927
5785
3002
6562
-841
-9201
-2479
-7457
-329
-6138
9987
6892
-8200
-4749
-3937
515
-4808
4604
9307
-1092
-2519
6953
2428
-6987
5680
-6035
5623
7364
-7687
-2389
6994
-3892
-6605
-5
-7331
6275
4516
190
8818
-5814
7774
-7476
-8923
-6706
-2224
861
7530
6689
-4535
6836
-4404
6667
3788
-8255
9680
3188
-569
9024
551
5465
-3366
1265
-8428
3751
-5020
-5758
3746
9496
8153
6285
-2597
5926
8809
-1520
-7060
305
-6938
-9531
-3006
-1473
-8975
2590
-1086
4813
8056
2315
1721
-2514
5059
-4008
-7049
-8308
-9023
-5477
9164
-321
2486
6631
2895
639
2915
-9703
285
5444
-1222
3226
-4251
5561
7416
2743
-5913
8442
-947
6722
6975
-2891
-964
-1304
8316
-5906
4688
-8734
-492
5666
-4210
2392
-4656
8276
-978
8239
2635
-4343
8537
-7080
-8899
1035
9867
-3150
-3405
7282
-6687
4403
9444
6087
4845
6419
-3084
-6119
-1165
-4768
1696
-2757
219
-5076
-7092
6009
7317
1973
8006
-3662
3933
640
5717
6190
7281
6818
945
7147
-2612
-8740
8150
4422
5663
-8687
508
4228
-8548
-8855
-8171
287
-3623
3526
7531
-9684
8450
-5841
6326
9487
9854
8052
-454
3786
2412
-4738
3696
-307
-7921
-5360
560
-533
-4100
2430
-2391
-4717
3744
8117
9511
5196
-7018
-8660
-796
3080
8587
-3266
3397
-9244
4614
3443
-9757
8188
1494
-211
1973
-6095
5051
-611
3598
-9150
4029
-2121
4038
-6351
-9692
-8354
-1068
4052
-6517
2164
2969
-3534
7225
-7828
-6734
5811
2627
6663
6567
-2760
105
6810
-4572
-8402
319
-8879
-775
-910
511
-3457
-60
-1740
4422
-2302
1910
4731
-656
-5438
-1218
6549
6726
-4529
-6986
3950
-2357
1
3481
-9731
-3336
3769
1231
6769
578
-9621
-7912
-5382
-4779
5034
3708
9453
-8424
-2631
-2287
5999
5067
-6657
729
-1868
-2095
-6769
-5320
-5369
-1297
1415
-7699
-9934
-8585
9504
-9664
1800
3272
5288
2290
-2430
5667
4378
2188
-5392
-589
-383
-5939
4708
-9294
1774
706
5773
5117
-4845
-2375
-6979
2108
6026
1373
-5469
1161
7396
-5403
6298
6899
-1346
-1903
3891
-6059
-9614
-8540
-6672
8485
7370
-2063
1616
-3014
5719
-3676
-2308
-2508
7030
-2815
-3671
-4094
8532
3071
8014
4557
-1835
-7456
-4282
-4440
-2859
-7985
-3821
9517
112
-6210
-6543
4220
-4750
507
2704
-7381
-7836
-5680
3326
7883
644
-8983
-905
1394
1924
9145
7300
455
2215
9034
-4989
-9621
-8423
4450
-340
2440
6465
9560
1956
298
-6651
9134
-5483
2321
-360
-9059
8661
5525
-4739
1987
7128
9626
3004
-3778
4741
-5073
-4634
2040
9103
-8698
4795
-5886
-4598
6372
8564
8784
2532
8750
8343
-5513
2768
-4587
-6379
7285
7734
6982
8226
-9886
6228
-2792
2101
3355
-3167
-4895
-6702
-8427
3753
2385
7335
2856
3687
2129
-9310
-7190
2221
-7026
-8407
-5247
-4556
9936
-760
8212
-931
6582
5496
523
7285
7443
638
3512
-5350
-7262
-3134
5204
1564
3885
-9502
-962
-3730
-8447
-4386
-6323
3682
-3696
-3513
-377
2999
-1920
8097
8444
1737
1058
6655
-9195
-2361
5872
5050
-5077
7035
-4313
-7845
-4595
2146
-978
-9392
-6290
-3373
-5173
2748
2897
-3620
8362
6575
-6218
-1614
-3218
3406
-4895
4863
1502
-6452
320
-7441
-6076
4846
3920
9796
-105
-7437
-9450
5582
-5281
-4045
-2272
7462
284
5159
-5912
5112
1627
-9294
-8509
3709
-8999
-1005
-4185
-2217
-3879
920
-3634
-8657
4469
6686
-2376
-7887
1532
-8457
-8092
-8574
-2173
-7542
-9271
6267
2134
2178
3728
-7583
-2664
-8463
7529
-7317
-7757
-7259
6392
-6756
5457
-7794
4748
-8423
3126
-8886
-7080
1315
7800
544
3428
3052
5808
9057
4479
-2644
-4765
8929
-6378
-8911
1106
7351
-6493
-7838
-7392
-5244
-5155
-5149
-2503
-5043
1816
-7047
-2837
-3437
-1749
-5991
1398
1172
9046
2919
-4564
6194
-4030
-5035
8972
-5831
2321
-2073
-6903
5943
-983
7924
7014
2524
-9915
-6658
7280
-1349
1914
-1502
3608
-6271
5172
-5509
4014
-6577
2222
-868
8316
4988
-7950
-2528
1181
-1979
6158
152
2190
-1522
-8200
9009
-1858
817
6932
-1124
-2939
-9262
2219
-1939
-611
-5868
6559
-3282
1583
5452
4930
-683
-7405
-2849
8449
-9090
-7862
-5780
2103
7041
2241
-1739
-2808
-1849
-9541
2713
-2841
2322
-6471
-2188
-5081
590
-1450
7138
8652
7939
-5010
8931
-1623
-9707
4382
-6693
-390
6977
458
1780
-8393
6318
6000
7432
3358
1961
-4308
-5730
-6168
-128
6984
4713
-4085
-9488
-7476
834
4824
1074
-2029
7196
2733
6682
6126
-8890
6976
4229
-5583
306
4926
8596
-4194
-9746
4913
-8195
7686
-1730
7487
-2902
2541
-8681
-9310
3245
6032
-3395
3757
-7724
7439
2301
3350
-4591
-504
-197
-4188
-657
913
-7213
-6429
9051
6814
-7783
-8633
-7380
-7529
6280
-1854
-6123
-1729
-4367
975
-5468
673
1666
7777
425
8271
5254
2701
5710
-2445
-229
-5161
-9229
9574
651
114
4208
7159
7406
6979
3973
9624
8346
-9687
-4185
8347
-1541
-307
338
4092
-9333
8591
-1515
6054
-9913
8910
8046
5341
1610
7476
-3384
-4899
-7686
-2612
-5325
6687
-8778
-7397
7566
8629
9582
1538
-8028
-8352
5572
-2213
-6285
-5969
-8800
4053
-8157
-4411
6364
329
-8358
6451
-762
9688
5512
-5431
7163
-7872
-330
-6802
3237
8066
-6395
8180
-9332
-8830
-9472
-6029
6430
-7500
-4381
2001
4009
-666
6032
5209
-2893
7876
-9203
-6530
1925
-3839
-6359
-5117
-431
9153
3173
453
-4999
-3436
3651
-8042
-5371
7256
-9862
-981
-7854
-5613
2990
8576
609
-7671
4298
-5383
5384
329
-6454
-3789
1925
-1935
3402
-2430
7947
7043
2454
-2485
6195
-4374
7968
-5083
5911
5339
-3125
-9460
6315
734
3280
8462
5122
-10
-9243
-549
6040
5055
7789
5144
-4616
-8666
-8646
-8971
3120
4756
-1400
1066
5519
-5226
8582
5434
4121
-9731
-9650
32
5609
-2774
4293
1923
-8320
-2428
4105
-9478
-8718
4863
-27
7322
-83
-2239
2465
9022
2817
3819
-6228
-4064
2295
6093
-9277
1534
-9134
-6975
-3033
8708
-6706
-2682
-1261
-7377
8265
-3248
8268
9945
8045
2372
-5812
9327
955
4161
6648
-5407
-4357
2833
-2665
8460
372
1107
-1884
-3613
920
-1161
7921
5507
1864
-5112
4215
8880
2206
-3326
-8498
470
3427
9770
4135
5192
5863
8323
4519
538
6205
4887
5131
-8153
-2280
-7534
-5973
8092
7294
2143
-5521
-1786
-9018
-3880
-2559
6567
1008
-8345
5446
-6787
2051
-9331
7404
-4523
-5841
5260
-9332
-6258
7303
8908
4281
3507
3795
-589
9075
-4765
5598
-6899
-2953
6613
5245
5247
-1453
9948
-8633
5988
-9766
2375
-8636
9402
9310
3415
-9930
6713
8892
-2050
1972
-6720
1693
-725
-4091
-306
-3498
-6576
9105
-4423
-1341
8424
-1322
5706
5036
-2357
4674
-2697
1311
6041
-6710
1546
-1585
-5346
947
-2276
8069
4738
-1842
-9320
-3592
-6150
-2318
8101
3125
3591
-2206
-6652
-9265
620
-1075
-606
2764
-8677
-1180
1520
2688
-6507
8823
-6002
9534
-4167
9265
